Ministério da Saúde MS
Secretaria de Atenção Primária à Saúde SAPS
Departamento de Saúde da família DESF
Painel Indicador
Estratégia eSUS- AB
Unidade Geográfica: Munícipio
"Indicador: Proporção de gestantes com pelo menos 6 (seis) consultas pré-natal realizadas, sendo a 1ª (primeira) até a 12ª (décima segunda) semana de gestação"
Dados Preliminares:
Considerado apenas (eSF e eAP) válidas para o componente de desempenho
Dados sujeitos à alteração


UF;IBGE;Munícipio;Numerador;Denominador Utilizado;2022 Q2 (%);Denominador Identificado;Denominador Estimado;Cadastro;Base Externa;Percentual;População;
SP;354700;SANTA MARIA DA SERRA;0;0;0;0;0;0;18;0;6298;
SC;421550;SANTA CECÍLIA;0;0;0;0;0;0;82;0;17004;
RS;431725;SANTA TEREZA;0;0;0;0;0;1940;0;0;1722;
RS;430192;BARRA DO RIO AZUL;0;1;0;0;1;2017;1;0;1621;
GO;521225;LAGOA SANTA;0;1;0;1;1;1157;1;100;1652;
SP;350040;ÁGUAS DA PRATA;0;10;0;0;10;5326;16;0;8262;
MG;316590;SENADOR MODESTINO GONÇALVES;0;10;0;10;10;4059;10;100;4056;
GO;520570;CÓRREGO DO OURO;0;10;0;2;10;2759;8;20;2254;
GO;521940;SANTA RITA DO ARAGUAIA;0;10;0;2;10;4750;20;20;9110;
MG;317210;VOLTA GRANDE;0;10;0;6;10;4253;12;60;5270;
MG;316340;SÃO JOSÉ DO GOIABAL;0;10;0;6;10;5489;10;60;5356;
MG;316810;TAPIRA;0;11;0;0;11;4729;11;0;4890;
SP;352700;LINDÓIA;0;11;0;0;11;6518;14;0;8201;
PR;410670;CRUZEIRO DO SUL;0;11;0;1;11;3177;15;9;4430;
MG;314670;PALMA;0;11;0;11;11;6373;11;100;6606;
RS;430370;CAMPINA DAS MISSÕES;0;11;0;11;13;6184;11;85;5325;
RS;431125;LAGOÃO;0;11;0;11;8;4340;12;138;6469;
MG;315530;RIO MANSO;0;11;0;3;11;5605;12;27;5924;
SE;280700;SÃO MIGUEL DO ALEIXO;0;11;0;5;11;3573;12;45;3964;
RS;430870;GAURAMA;0;11;0;7;11;6189;10;64;5447;
MG;314190;MINDURI;0;11;0;9;11;3618;12;82;3891;
MG;312600;FLORESTAL;0;11;0;9;11;5674;15;82;7602;
SP;354690;SANTA LÚCIA;0;12;0;0;12;4166;26;0;8889;
MG;316330;SÃO JOSÉ DO DIVINO;0;12;0;12;7;3891;7;171;3851;
MG;313800;LARANJAL;0;12;0;3;12;7057;12;25;6856;
RN;240870;PARAÚ;0;12;0;8;12;3565;13;67;3732;
SP;354210;RAFARD;0;13;0;1;13;4087;29;8;9126;
PI;221062;SEBASTIÃO BARROS;0;13;0;13;12;4275;10;108;3434;
MG;312705;FRONTEIRA DOS VALES;0;13;0;13;13;4515;13;100;4542;
GO;520993;INACIOLÂNDIA;0;13;0;13;13;5371;15;100;6275;
MG;311220;CAPELA NOVA;0;13;0;3;13;5043;12;23;4616;
RS;431700;SANTANA DA BOA VISTA;0;14;0;14;10;4824;17;140;8037;
RS;431575;RIOZINHO;0;14;0;14;13;4521;13;108;4698;
RS;432135;TAVARES;0;14;0;14;8;4064;11;175;5484;
RS;430090;ARATIBA;0;14;0;2;14;6252;14;14;6145;
RJ;330470;SANTO ANTÔNIO DE PÁDUA;0;143;0;27;143;42606;143;19;42705;
PA;150250;CHAVES;0;15;0;15;12;2783;107;125;24175;
RS;431046;IPIRANGA DO SUL;0;1;0;1;1;2112;1;100;1871;
RS;431695;SANTA MARIA DO HERVAL;0;12;0;0;12;4949;16;0;6382;
MG;313590;JESUÂNIA;0;12;0;12;13;5281;12;92;4774;
SP;352580;JÚLIO MESQUITA;0;14;0;7;14;5755;12;50;4824;
MG;311810;CONGONHAS DO NORTE;0;15;0;15;8;4743;8;188;5047;
MG;313695;JUVENÍLIA;0;15;0;4;15;5476;16;27;5706;
RS;430490;CASCA;0;16;0;1;16;7640;19;6;9070;
RS;431245;MORRO REDONDO;0;16;0;4;16;7489;14;25;6609;
SP;354650;SANTA ERNESTINA;0;16;0;6;16;5904;15;38;5577;
MG;316430;SÃO ROQUE DE MINAS;0;17;0;13;17;6873;18;76;7100;
MT;510010;ACORIZAL;0;17;0;7;17;5218;17;41;5309;
GO;520753;FAINA;0;18;0;18;12;5955;13;150;6527;
RS;432225;TUPANDI;0;19;0;1;19;5178;18;5;5019;
SP;350115;ALUMÍNIO;0;19;0;1;19;5550;64;5;18903;
MG;310770;BOM JESUS DO AMPARO;0;19;0;2;19;5888;20;11;6182;
PR;411260;JARDIM OLINDA;0;2;0;0;2;1526;2;0;1309;
RS;432235;UNIÃO DA SERRA;0;2;0;2;0;1315;0;0;1084;
PI;220669;MURICI DOS PORTELAS;0;20;0;13;20;6533;29;65;9258;
PR;412863;DOUTOR ULYSSES;0;20;0;20;14;5369;14;143;5525;
MG;312015;CRISÓLITA;0;21;0;21;20;5304;26;105;6814;
PR;412175;RESERVA DO IGUAÇU;0;21;0;6;21;5621;30;29;8127;
SP;352490;JAMBEIRO;0;16;0;8;16;6086;18;50;6828;
MG;315270;PRADOS;0;19;0;15;19;8018;22;79;9128;
RS;432218;TUPANCI DO SUL;0;2;0;0;2;1588;2;0;1447;
MG;316556;SEM-PEIXE;0;2;0;0;2;2530;2;0;2579;
PR;410045;ALTAMIRA DO PARANÁ;0;22;0;13;22;3971;8;59;1429;
RJ;330590;TRAJANO DE MORAES;0;22;0;13;22;7546;31;59;10653;
MG;314170;MESQUITA;0;22;0;22;14;5023;15;157;5489;
RJ;330530;SÃO SEBASTIÃO DO ALTO;0;22;0;6;22;7843;26;27;9416;
SP;350995;CANAS;0;23;0;1;23;5234;23;4;5268;
SP;350310;ARANDU;0;23;0;18;23;6681;22;78;6373;
MG;311787;CONFINS;0;23;0;3;23;7016;23;13;6867;
GO;520085;AMERICANO DO BRASIL;0;24;0;24;18;5156;22;133;6220;
MS;500480;JAPORÃ;0;24;0;8;24;5093;45;33;9372;
PA;150640;SANTA CRUZ DO ARARI;0;28;0;28;10;4591;23;280;10496;
RJ;330090;CAMBUCI;0;28;0;3;28;9678;45;11;15521;
RS;430175;BARÃO DO TRIUNFO;0;3;0;1;3;2053;11;33;7550;
RS;431697;SANTA MARGARIDA DO SUL;0;3;0;1;3;2734;3;33;2593;
RS;430825;FLORIANO PEIXOTO;0;3;0;2;3;1919;3;67;1709;
MG;316560;SENADOR CORTES;0;3;0;2;3;2152;3;67;2001;
MG;314540;OLARIA;0;3;0;2;3;2394;2;67;1694;
MG;315380;QUELUZITO;0;3;0;3;1;2202;1;300;1948;
RS;431775;SANTO ANTÔNIO DO PLANALTO;0;3;0;3;2;2048;2;150;2018;
RS;431660;SANANDUVA;0;33;0;33;38;12342;51;87;16382;
MG;315415;REDUTO;0;34;0;18;34;8326;30;53;7247;
PR;412788;TUNAS DO PARANÁ;0;34;0;34;31;7458;38;110;9269;
PR;410445;CANTAGALO;0;34;0;34;40;11564;46;85;13340;
PR;411710;NOVA LONDRINA;0;38;0;0;38;12567;40;0;13188;
RS;431973;SÃO VALÉRIO DO SUL;0;4;0;0;4;1465;7;0;2732;
RS;431235;MONTAURI;0;4;0;1;4;1715;3;25;1430;
RS;430537;CHARRUA;0;4;0;1;4;1852;7;25;3228;
SP;350335;ARCO-ÍRIS;0;3;0;0;3;2342;2;0;1755;
MG;316730;SILVEIRÂNIA;0;3;0;3;2;2641;2;150;2267;
MG;315010;PIAU;0;3;0;3;3;3473;2;100;2719;
AM;130180;IPIXUNA;0;35;0;35;26;7465;108;135;31172;
MT;510120;ARAGUAINHA;0;4;0;4;0;1004;0;0;909;
SP;351580;FLORA RICA;0;4;0;4;3;1871;2;133;1397;
RS;431755;SANTO ANTÔNIO DO PALMA;0;4;0;4;3;2377;3;133;2118;
RS;431087;JACUIZINHO;0;4;0;4;4;2393;4;100;2718;
RJ;330205;ITALVA;0;40;0;2;40;12956;47;5;15387;
ES;320250;IBIRAÇU;0;41;0;22;41;10543;49;54;12701;
ES;320480;SÃO JOSÉ DO CALÇADO;0;44;0;26;44;11960;39;59;10536;
MG;313860;LIMA DUARTE;0;44;0;26;44;15401;48;59;16749;
MG;315390;RAPOSOS;0;46;0;2;46;15974;48;4;16501;
AC;120032;JORDÃO;0;46;0;38;46;6251;63;83;8628;
MG;316540;SAPUCAÍ-MIRIM;0;5;0;0;5;2522;14;0;7045;
RS;431673;SANTA CECÍLIA DO SUL;0;5;0;1;5;2006;4;20;1630;
SC;420287;BRUNÓPOLIS;0;5;0;1;5;3111;4;20;2318;
MG;310680;BIAS FORTES;0;5;0;1;5;3202;5;20;3282;
MG;311470;CARVALHÓPOLIS;0;5;0;3;5;2512;7;60;3614;
MG;310380;ARAPUÁ;0;5;0;3;5;3194;4;60;2836;
RS;431171;MAÇAMBARÁ;0;5;0;4;5;3248;7;80;4539;
SC;420075;ALTO BELA VISTA;0;5;0;5;1;1977;1;500;1915;
MG;314780;PASSA-VINTE;0;5;0;5;3;2233;3;167;2024;
RS;430205;BENJAMIN CONSTANT DO SUL;0;5;0;5;4;1706;5;125;1924;
MG;310140;ALBERTINA;0;5;0;5;4;3306;4;125;3015;
SP;353450;OSCAR BRESSANE;0;5;0;5;4;3570;3;125;2603;
RJ;330210;ITAOCARA;0;57;0;14;57;16413;81;25;23211;
RS;432370;VISTA GAÚCHA;0;6;0;0;6;3041;6;0;2858;
MG;311960;CORONEL PACHECO;0;6;0;1;6;3048;6;17;3095;
RS;430511;CENTENÁRIO;0;6;0;1;6;3153;5;17;2865;
MG;312738;GOIANÁ;0;6;0;1;6;4225;6;17;4014;
MG;315620;ROCHEDO DE MINAS;0;6;0;3;6;2599;5;50;2335;
PR;412310;SANTA AMÉLIA;0;6;0;4;6;2448;8;67;3208;
MG;314580;ONÇA DE PITANGUI;0;6;0;5;6;3329;6;83;3155;
MG;314940;PEDRO TEIXEIRA;0;6;0;6;1;2214;1;600;1804;
MG;314750;PASSABÉM;0;6;0;6;4;1902;3;150;1619;
MG;314900;PEDRA DOURADA;0;6;0;6;5;3232;4;120;2559;
SP;353430;ORLÂNDIA;0;61;0;11;61;20340;134;18;44682;
MG;315727;SANTA BÁRBARA DO MONTE VERDE;0;7;0;0;7;3299;7;0;3212;
MG;310720;BOCAINA DE MINAS;0;7;0;0;7;4188;9;0;5088;
RS;431267;NICOLAU VERGUEIRO;0;7;0;1;7;2335;5;14;1667;
RS;431643;SALDANHA MARINHO;0;7;0;2;7;2910;6;29;2596;
SP;355530;TURMALINA;0;4;0;2;4;2148;3;50;1667;
MG;312460;ESTRELA DALVA;0;4;0;3;4;2062;4;75;2308;
MG;315860;SANTANA DO DESERTO;0;6;0;0;6;3173;7;0;3985;
AM;130115;CAREIRO DA VÁRZEA;0;6;0;6;3;1443;57;200;31459;
MG;317047;URUANA DE MINAS;0;6;0;6;3;3632;3;200;3256;
SP;350150;ALVINLÂNDIA;0;7;0;2;7;3037;7;29;3251;
MG;315930;SANTA RITA DE JACUTINGA;0;7;0;2;7;4563;7;29;4843;
SP;354230;REDENÇÃO DA SERRA;0;7;0;3;7;2376;11;43;3827;
PI;220735;PAJEÚ DO PIAUÍ;0;7;0;3;7;3268;7;43;3416;
MG;317060;VARGEM BONITA;0;7;0;7;5;2127;5;140;2143;
MS;500310;CORGUINHO;0;7;0;7;8;4592;11;88;6158;
MG;313490;JACUTINGA;0;71;0;43;71;22135;85;61;26538;
RN;240550;JARDIM DE ANGICOS;0;8;0;2;8;2746;8;25;2600;
MG;311900;CORDISLÂNDIA;0;8;0;3;8;3642;8;38;3546;
RS;431090;JACUTINGA;0;8;0;5;8;3789;7;63;3532;
MG;312470;ESTRELA DO INDAIÁ;0;8;0;8;5;3031;6;160;3483;
SP;352760;LUÍS ANTÔNIO;0;9;0;0;9;3344;43;0;15628;
MG;310570;BARRA LONGA;0;9;0;0;9;6186;7;0;4905;
PR;412575;SÃO PEDRO DO IGUAÇU;0;9;0;5;9;2710;19;56;5745;
SP;353325;NOVAIS;0;9;0;7;9;5217;11;78;6057;
RN;241160;SÃO BENTO DO NORTE;0;9;0;9;9;2421;10;100;2687;
SP;352270;ITÁPOLIS;0;95;0;59;95;30202;137;62;43536;
RS;431164;LINHA NOVA;1;1;100;1;0;1356;0;0;1724;
RS;431200;MARIANO MORO;1;1;100;1;0;2265;0;0;1987;
RS;430925;GUABIJU;1;1;100;1;1;1553;1;100;1478;
RS;430583;COQUEIRO BAIXO;1;1;100;1;1;1637;1;100;1490;
SP;354810;SANTO ANTÔNIO DO JARDIM;1;10;10;10;11;3971;16;91;5926;
RS;430637;DILERMANDO DE AGUIAR;0;9;0;9;5;3786;4;180;2991;
MG;312200;DIVINO;0;90;0;51;90;21469;84;57;20020;
PB;250580;DUAS ESTRADAS;1;10;10;10;10;4071;9;100;3569;
MG;311620;CHIADOR;1;10;10;10;4;3369;3;250;2657;
MG;314370;MORRO DO PILAR;1;10;10;10;6;3755;5;167;3126;
TO;171240;LIZARDA;1;10;10;10;8;3147;9;125;3727;
MG;317043;UNIÃO DE MINAS;1;10;10;10;8;3622;10;125;4265;
MG;313680;JURAMENTO;1;10;10;10;8;4239;8;125;4359;
RS;432147;TIRADENTES DO SUL;1;10;10;10;8;5355;8;125;5532;
MG;311020;CAJURI;1;11;9;11;10;4793;8;110;3961;
PA;150570;PONTA DE PEDRAS;1;11;9;11;6;2119;96;183;32007;
RS;430620;CRUZEIRO DO SUL;1;12;8;1;12;5001;31;8;12457;
MG;314040;MARMELÓPOLIS;1;10;10;7;10;3059;9;70;2701;
GO;521839;PROFESSOR JAMIL;1;12;8;12;6;4707;4;200;3211;
RO;110090;CASTANHEIRAS;1;12;8;12;8;3158;7;150;2923;
MG;315645;ROSÁRIO DA LIMEIRA;1;12;8;3;12;5632;10;25;4648;
MG;315610;RITÁPOLIS;1;12;8;5;12;5445;10;42;4521;
MG;314315;MONTE FORMOSO;1;13;8;10;13;4669;14;77;4939;
MG;317110;VERÍSSIMO;1;13;8;13;2;3381;3;650;4090;
RS;431177;MAQUINÉ;1;13;8;7;13;4282;20;54;6747;
MG;312210;DIVINO DAS LARANJEIRAS;1;14;7;10;14;4521;15;71;4969;
ES;320180;DIVINO DE SÃO LOURENÇO;1;14;7;14;15;4937;13;93;4236;
MG;311265;CAPITÃO ANDRADE;1;14;7;14;16;5720;16;88;5559;
MG;312280;DOM VIÇOSO;1;14;7;14;6;3397;5;233;2992;
MG;317115;VERMELHO NOVO;1;15;7;15;10;5608;9;150;4852;
MG;316550;SARDOÁ;1;15;7;15;14;6052;15;107;6421;
MG;313660;NOVA UNIÃO;1;15;7;15;14;6499;12;107;5739;
MG;315470;RIBEIRÃO VERMELHO;1;15;7;15;7;3169;9;214;4061;
GO;521486;NOVA GLÓRIA;1;18;6;18;18;8067;18;100;8063;
MG;316450;SÃO SEBASTIÃO DO MARANHÃO;1;19;5;11;19;9555;20;58;9884;
MG;312040;CRISTIANO OTONI;1;19;5;14;19;5772;17;74;5161;
MG;314350;MORADA NOVA DE MINAS;1;19;5;19;15;7205;19;127;8955;
RS;431517;PROTÁSIO ALVES;1;2;50;1;2;2124;2;50;1929;
RS;430593;CORONEL PILAR;1;2;50;2;1;1704;1;200;1602;
RS;431127;LAGOA DOS TRÊS CANTOS;1;2;50;2;1;2143;1;200;1604;
SP;355520;TURIÚBA;1;2;50;2;2;2149;2;100;2024;
RS;431545;RELVADO;1;2;50;2;2;2478;2;100;2068;
MG;315190;POCRANE;1;20;5;14;20;9367;18;70;8288;
PR;412217;RIO BRANCO DO IVAÍ;1;13;8;4;13;4185;13;31;4121;
PR;411100;ITAMBARACÁ;1;15;7;1;15;5260;18;7;6516;
SP;350820;BURITIZAL;1;15;7;15;11;4454;11;136;4547;
PR;412050;PRIMEIRO DE MAIO;1;18;6;12;18;8725;23;67;11138;
GO;520120;ANHANGUERA;1;2;50;2;0;1476;0;0;1171;
MG;313835;LEME DO PRADO;1;20;5;20;10;5031;10;200;4923;
MG;313970;MARAVILHAS;1;20;5;8;20;7841;21;40;8113;
MG;312840;GUARANI;1;21;5;10;21;8631;22;48;8926;
MG;314160;MERCÊS;1;23;4;13;23;11574;21;57;10775;
SP;350960;CAMPO LIMPO PAULISTA;1;25;4;9;25;7171;296;36;86407;
PA;150549;PALESTINA DO PARÁ;1;28;4;28;18;5184;27;156;7575;
MG;311790;CONGONHAL;1;28;4;28;30;12714;29;93;12209;
SP;350990;CANANÉIA;1;29;3;11;29;7863;47;38;12542;
MG;310330;ARACITABA;1;3;33;1;3;2227;3;33;2056;
SP;352910;MARINÓPOLIS;1;3;33;2;3;2251;3;67;2101;
MG;310310;ANTÔNIO PRADO DE MINAS;1;3;33;3;1;1789;1;300;1577;
MG;316660;SERRA DA SAUDADE;1;3;33;3;1;897;1;300;771;
SC;421390;PRESIDENTE CASTELLO BRANCO;1;3;33;3;3;1911;2;100;1526;
GO;520020;ÁGUA LIMPA;1;3;33;3;3;2270;2;100;1809;
MG;310700;BIQUINHAS;1;3;33;3;3;3323;2;100;2482;
RS;430367;CAMPESTRE DA SERRA;1;3;33;3;3;3758;3;100;3402;
MG;315420;RESENDE COSTA;1;30;3;16;30;11794;29;53;11578;
RS;431810;SÃO FRANCISCO DE ASSIS;1;33;3;18;33;14469;41;55;18081;
MG;315480;RIO ACIMA;1;34;3;20;34;10594;34;59;10524;
PR;410110;ANDIRÁ;1;35;3;1;35;11888;58;3;19823;
ES;320450;SANTA LEOPOLDINA;1;36;3;23;36;13127;33;64;12171;
MG;313460;JABOTICATUBAS;1;36;3;23;36;13692;55;64;20683;
MS;500375;ELDORADO;1;38;3;38;35;11908;37;109;12447;
PI;220630;MIGUEL LEÃO;1;4;25;2;4;1791;3;50;1239;
TO;170410;CENTENÁRIO;1;4;25;2;4;2151;5;50;2966;
RS;432255;VANINI;1;4;25;2;4;2222;4;50;2130;
TO;170980;IPUEIRAS;1;4;25;3;4;1851;5;75;2088;
GO;520710;DIORAMA;1;4;25;3;4;2379;4;75;2477;
PI;220095;AROEIRAS DO ITAIM;1;4;25;3;4;2644;4;75;2551;
GO;521305;MIMOSO DE GOIÁS;1;4;25;4;1;2890;1;400;2575;
RS;430613;CRUZALTENSE;1;4;25;4;2;2048;2;200;1765;
RN;241430;TIMBAÚBA DOS BATISTAS;1;4;25;4;3;2678;3;133;2427;
MG;314660;PAIVA;1;4;25;4;4;1970;3;100;1517;
GO;522005;SÃO JOÃO DA PARAÚNA;1;4;25;4;4;2818;2;100;1312;
MG;315110;PIRAPETINGA;1;40;3;21;40;9924;43;53;10791;
MG;313370;ITATIAIUÇU;1;40;3;24;40;13683;33;60;11354;
RJ;330045;BELFORD ROXO;1;414;0;123;414;105427;2024;30;515239;
RS;430810;FELIZ;1;46;2;23;46;14404;44;50;13728;
MG;314990;PERDÕES;1;46;2;32;46;22626;44;70;21577;
SP;351310;CRAVINHOS;1;49;2;49;51;16086;114;96;35858;
MG;311590;CHÁCARA;1;5;20;1;5;2420;6;20;3216;
RS;431861;SÃO JOSÉ DO SUL;1;5;20;2;5;2887;4;40;2464;
RS;431261;MUITOS CAPÕES;1;5;20;4;5;3420;5;80;3184;
MG;312520;FAMA;1;5;20;5;2;2402;2;250;2374;
RS;431532;QUEVEDOS;1;5;20;5;3;3125;3;167;2793;
RS;430155;ÁUREA;1;5;20;5;3;4033;3;167;3517;
RS;431262;MULITERNO;1;5;20;5;4;1840;4;125;1901;
MG;316700;SERRANOS;1;5;20;5;5;2136;5;100;1949;
MG;313280;ITAMBÉ DO MATO DENTRO;1;3;33;3;2;2496;2;150;2032;
RS;431849;SÃO JOSÉ DO INHACORÁ;1;4;25;2;4;2517;3;50;2040;
RS;430225;BOA VISTA DO SUL;1;4;25;4;3;2868;3;133;2773;
SC;421430;RANCHO QUEIMADO;1;5;20;5;5;2530;6;100;2897;
PR;411995;PONTAL DO PARANÁ;1;51;2;41;51;14661;100;80;28529;
SP;352330;ITARIRI;1;52;2;52;33;13619;43;158;17754;
RS;432237;UNISTALDA;1;6;17;1;6;1859;8;17;2306;
RS;430543;CHUÍ;1;6;17;3;6;3218;12;50;6832;
RS;430642;DOIS IRMÃOS DAS MISSÕES;1;6;17;6;2;2393;2;300;1992;
MG;313200;ITACAMBIRA;1;6;17;6;7;4051;9;86;5447;
GO;521600;PANAMÁ;1;7;14;5;7;3080;6;71;2590;
GO;520660;CUMARI;1;7;14;5;7;3210;6;71;2820;
SC;420675;IBIAM;1;7;14;7;2;2351;2;350;1952;
RO;110080;CANDEIAS DO JAMARI;1;74;1;28;74;19524;107;38;28068;
RS;431848;SÃO JOSÉ DO HORTÊNCIO;1;8;13;2;8;4218;9;25;4924;
RS;430915;GRAMADO XAVIER;1;8;13;4;8;3578;10;50;4378;
RS;432330;VILA FLORES;1;8;13;5;8;4339;6;63;3407;
RJ;330570;SUMIDOURO;1;53;2;18;53;14565;57;34;15709;
BA;291900;LAJEDINHO;1;6;17;4;6;4027;6;67;3735;
RS;431478;PONTE PRETA;1;7;14;7;5;2012;4;140;1501;
GO;521015;IPIRANGA DE GOIÁS;1;7;14;7;5;3104;5;140;2892;
RS;430692;ENGENHO VELHO;1;7;14;7;8;1544;5;88;932;
RS;431843;SÃO JOÃO DO POLÊSINE;1;8;13;6;8;3174;6;75;2535;
RS;431065;ITATI;1;8;13;8;8;4013;5;100;2377;
SP;351530;ESTRELA DO NORTE;1;9;11;5;9;3084;8;56;2774;
RS;430695;ENTRE RIOS DO SUL;1;9;11;5;9;3221;8;56;2724;
PI;220793;PEDRO LAURENTINO;1;9;11;9;4;2731;4;225;2551;
SC;420419;CHAPADÃO DO LAGEADO;10;10;100;10;10;3272;9;100;3025;
GO;522070;SÍTIO D'ABADIA;10;10;100;10;3;2321;4;333;3040;
SC;420215;BELMONTE;10;10;100;10;6;3170;5;167;2712;
SP;352890;MARIÁPOLIS;10;10;100;10;8;3867;8;125;4098;
RR;140002;AMAJARI;10;100;10;53;100;11823;115;53;13561;
SP;352960;MERIDIANO;10;11;91;11;11;5455;8;100;3813;
TO;171215;LAVANDEIRA;10;11;91;11;3;2155;3;367;1984;
PR;411740;OURIZONA;10;11;91;11;4;3770;4;275;3423;
SC;421755;SERRA ALTA;10;11;91;11;9;3626;8;122;3249;
TO;171200;LAJEADO;10;12;83;12;10;2861;11;120;3199;
PR;412490;SÃO JOÃO DO CAIUÁ;10;12;83;12;10;3449;17;120;5819;
SE;280190;CUMBE;10;12;83;12;11;4438;10;109;4008;
PR;411375;LUNARDELLI;10;12;83;12;12;5574;10;100;4695;
RS;431260;MUÇUM;10;12;83;12;13;5426;12;92;4967;
RS;431070;ITATIBA DO SUL;10;12;83;12;4;3731;3;300;3143;
MT;510631;NOVO SANTO ANTÔNIO;10;12;83;12;5;2476;6;240;2769;
RS;432252;VALE VERDE;10;12;83;12;7;3774;7;171;3531;
SP;351610;FLORÍNIA;10;12;83;12;7;4491;4;171;2631;
SC;420208;BANDEIRANTE;10;12;83;12;9;3407;7;133;2618;
RS;432132;TAQUARUÇU DO SUL;10;12;83;12;9;3758;7;133;3081;
SC;421540;SALTO VELOSO;10;13;77;13;11;4951;11;118;4792;
RS;430260;BRAGA;10;13;77;13;12;3883;10;108;3271;
MT;510685;PORTO ESTRELA;10;13;77;13;14;4212;9;93;2794;
SP;353040;MIRASSOLÂNDIA;10;13;77;13;14;5171;13;93;4966;
MG;311500;CASCALHO RICO;1;9;11;3;9;3921;7;33;3108;
MT;510450;INDIAVAÍ;10;12;83;12;10;2978;9;120;2806;
SP;352070;INDIAPORÃ;10;13;77;13;10;4693;8;130;3876;
PR;410657;CRUZEIRO DO IGUAÇU;10;13;77;13;14;5533;11;93;4229;
SP;350180;AMÉRICO DE CAMPOS;10;13;77;13;15;6947;13;87;5993;
PB;250530;CURRAL VELHO;10;13;77;13;4;2258;4;325;2508;
PR;410105;ANAHY;10;13;77;13;6;3439;5;217;2774;
SC;420515;DOUTOR PEDRINHO;10;13;77;13;9;4216;9;144;4164;
SP;353590;PARANAPUÃ;10;13;77;13;9;5134;7;144;4112;
MG;311115;CAMPO AZUL;10;14;71;14;10;3990;10;140;3830;
RS;430840;FORMIGUEIRO;10;13;77;13;15;5868;17;87;6569;
PR;411220;JANIÓPOLIS;10;13;77;13;15;6688;11;87;4948;
RS;430745;ESPERANÇA DO SUL;10;13;77;13;5;3787;4;260;2846;
MG;311080;CAMPANÁRIO;10;14;71;14;10;4252;9;140;3739;
MG;314960;PEQUI;10;14;71;14;10;4529;10;140;4457;
PR;411970;PLANALTINA DO PARANÁ;10;14;71;14;12;2996;17;117;4281;
GO;520396;BURITINÓPOLIS;10;14;71;14;13;3972;11;108;3272;
RS;431112;JAQUIRANA;10;14;71;14;13;5040;9;108;3611;
RS;430544;CHUVISCA;10;14;71;14;13;5186;14;108;5518;
SP;352060;INDIANA;10;14;71;14;13;5876;11;108;4873;
MG;312190;DIVINÉSIA;10;14;71;14;14;5389;9;100;3430;
MT;510885;NOVA MARILÂNDIA;10;14;71;14;15;3568;14;93;3332;
SP;353330;NOVA LUZITÂNIA;10;14;71;14;3;3189;4;467;4217;
SC;420680;IBICARÉ;10;14;71;14;4;4074;3;350;3154;
RS;430223;BOA VISTA DO INCRA;10;14;71;14;5;2771;5;280;2628;
PB;251410;SÃO JOÃO DO TIGRE;10;15;67;15;11;4567;11;136;4408;
PB;251207;POÇO DE JOSÉ DE MOURA;10;15;67;15;11;4837;10;136;4366;
PB;250230;BOM SUCESSO;10;15;67;15;11;5014;11;136;4937;
SP;352560;JOÃO RAMALHO;10;14;71;14;13;4951;12;108;4577;
MG;313910;MADRE DE DEUS DE MINAS;10;14;71;14;15;5944;13;93;5119;
RS;431406;PASSA SETE;10;14;71;14;8;5047;9;175;5790;
PI;221035;SÃO LOURENÇO DO PIAUÍ;10;14;71;14;9;5415;8;156;4581;
MG;311820;CONQUISTA;10;15;67;15;15;7401;14;100;6997;
RJ;330060;BOM JESUS DO ITABAPOANA;10;153;7;153;126;30878;152;121;37306;
RS;431390;PANAMBI;10;154;6;101;154;42318;162;66;44583;
PR;410770;FÊNIX;10;16;63;13;16;4964;15;81;4734;
RS;431230;MIRAGUAÍ;10;16;63;16;12;5344;11;133;4899;
RS;430165;BARÃO;10;16;63;16;13;6662;12;123;6232;
MG;313530;JAPARAÍBA;10;16;63;16;15;5091;13;107;4418;
MG;311540;CATAS ALTAS DA NORUEGA;10;15;67;15;6;3831;6;250;3665;
MG;312330;DORES DO TURVO;10;16;63;16;14;4990;12;114;4202;
SP;352630;LAGOINHA;10;16;63;16;15;6570;11;107;4882;
SP;352150;IRAPUÃ;10;16;63;16;15;7190;17;107;8101;
MG;312480;ESTRELA DO SUL;10;16;63;16;15;7613;16;107;8057;
PR;411550;MARUMBI;10;16;63;16;16;5046;15;100;4676;
MG;312540;FELÍCIO DOS SANTOS;10;16;63;16;18;6394;13;89;4656;
SC;421895;URUPEMA;10;16;63;16;6;3008;5;267;2453;
SP;353625;PARISI;10;17;59;11;17;4028;9;65;2177;
RN;241500;VILA FLOR;10;17;59;17;11;3515;10;155;3217;
MG;313390;ITAVERAVA;10;17;59;17;11;6736;9;155;5321;
SP;350370;ARIRANHA;10;17;59;14;17;8184;20;82;9851;
BA;291890;LAJEDÃO;10;17;59;17;12;3869;12;142;3993;
MG;315650;RUBELITA;10;17;59;17;12;6655;10;142;5609;
SP;355120;SARUTAIÁ;10;17;59;17;13;4321;11;131;3623;
SP;351950;IBIRAREMA;10;17;59;17;14;7754;14;121;7926;
MG;315053;PINGO-D'ÁGUA;10;17;59;17;16;5470;15;106;5029;
BA;290950;CRAVOLÂNDIA;10;17;59;17;18;5386;18;94;5352;
MG;312940;IBERTIOGA;10;17;59;17;18;6446;14;94;4999;
SC;421575;SÃO BERNARDINO;10;17;59;17;7;3152;5;243;2239;
SE;280500;PEDRA MOLE;10;17;59;17;7;3380;7;243;3309;
BA;291020;DOM MACEDO COSTA;10;18;56;15;18;5298;14;83;4072;
MG;310750;BOM JARDIM DE MINAS;10;18;56;18;17;7385;15;106;6444;
PR;411230;JAPIRA;10;18;56;18;19;5504;17;95;4929;
SP;351685;GAVIÃO PEIXOTO;10;18;56;18;19;5611;16;95;4841;
SP;350535;BARRA DO CHAPÉU;10;18;56;18;20;6297;18;90;5794;
SP;350230;ANHEMBI;10;18;56;18;20;6889;20;90;6911;
RN;241310;SENADOR ELÓI DE SOUZA;10;18;56;18;21;6260;21;86;6167;
SP;352420;JABORANDI;10;19;53;12;19;7883;17;63;6963;
SP;353480;OURO VERDE;10;19;53;13;19;5979;27;68;8676;
RS;430570;CONDOR;10;18;56;15;18;8305;15;83;6766;
SP;351925;IARAS;10;18;56;18;9;5424;17;200;9786;
PA;150470;MOJU;10;184;5;184;110;23726;392;167;84251;
PR;410730;DOUTOR CAMARGO;10;19;53;15;19;6937;16;79;5987;
GO;521525;NOVO PLANALTO;10;19;53;19;10;4443;10;190;4592;
PI;220590;MANOEL EMÍDIO;10;19;53;19;18;5901;16;106;5352;
GO;520145;APARECIDA DO RIO DOCE;10;19;53;19;3;3230;2;633;2474;
MG;311535;CATAS ALTAS;10;20;50;12;20;6288;17;60;5465;
SC;420520;ERVAL VELHO;10;20;50;15;20;5448;16;75;4423;
PI;220785;PAVUSSU;10;20;50;20;11;4296;9;182;3662;
TO;170130;ARAGOMINAS;10;20;50;20;20;6236;18;100;5705;
RJ;330610;VALENÇA;10;205;5;68;205;66527;238;33;77202;
PI;220930;SANTA LUZ;10;21;48;16;21;6222;20;76;5903;
MG;315510;RIO DO PRADO;10;21;48;21;18;4994;18;117;5117;
PR;410753;ENTRE RIOS DO OESTE;10;22;45;22;14;5349;12;157;4651;
BA;291420;IRAJUBA;10;22;45;22;14;6344;16;157;7295;
MG;313160;IRAÍ DE MINAS;10;22;45;22;23;7449;22;96;7067;
RN;240600;JOSÉ DA PENHA;10;23;43;17;23;6836;20;74;5941;
AL;270620;PALESTINA;10;23;43;19;23;5225;22;83;5061;
PR;412865;VIRMOND;10;23;43;23;20;4410;18;115;4051;
TO;170190;ARAGUACEMA;10;25;40;17;25;6623;27;68;7223;
SC;421030;MAJOR VIEIRA;10;25;40;25;15;6502;19;167;8209;
MT;510360;DOM AQUINO;10;26;38;26;20;8026;20;130;8087;
PR;412780;TOMAZINA;10;27;37;14;27;9286;22;52;7699;
PB;250950;MONTADAS;10;27;37;18;27;6560;24;67;5806;
MG;317075;VARJÃO DE MINAS;10;27;37;27;26;8146;23;104;7235;
RS;431540;REDENTORA;10;28;36;16;28;6373;51;57;11782;
BA;292220;MUNIZ FERREIRA;10;28;36;20;28;8559;24;71;7464;
SC;421310;PIRATUBA;10;28;36;28;26;6425;15;108;3637;
RO;110100;GOVERNADOR JORGE TEIXEIRA;10;29;34;20;29;6967;30;69;7130;
PB;250210;BOA VENTURA;10;29;34;21;29;6269;24;72;5248;
PR;412470;SÃO JERÔNIMO DA SERRA;10;29;34;29;31;10142;34;94;11088;
MT;510665;PONTAL DO ARAGUAIA;10;33;30;33;17;5914;20;194;6972;
PA;150410;MAGALHÃES BARATA;10;34;29;34;27;9320;25;126;8598;
RN;240380;FLORÂNIA;10;35;29;35;23;8760;26;152;9772;
BA;291000;DÁRIO MEIRA;10;35;29;35;34;8780;40;103;10347;
PI;220105;ASSUNÇÃO DO PIAUÍ;10;36;28;27;36;8418;34;75;7879;
PR;410832;FRANCISCO ALVES;10;36;28;30;36;8129;26;83;5942;
MG;311110;CAMPINA VERDE;10;36;28;36;35;16632;41;103;19759;
RS;430435;CANDIOTA;10;38;26;38;27;6652;39;141;9707;
GO;521350;MONTE ALEGRE DE GOIÁS;10;40;25;40;13;6087;18;308;8759;
BA;290205;ARAÇAS;10;40;25;40;34;10674;39;118;12237;
MG;311070;CAMBUQUIRA;10;41;24;27;41;12774;41;66;12810;
RS;430110;ARROIO DOS RATOS;10;41;24;41;42;14034;42;98;14201;
GO;520495;CAMPOS VERDES;10;43;23;15;43;5490;12;35;1526;
RN;241030;SERRA CAIADA;10;43;23;43;45;11326;42;96;10646;
MG;311545;CATUJI;10;44;23;36;44;8878;31;82;6206;
BA;291520;ITAGIBÁ;10;48;21;48;21;6317;48;229;14331;
RS;430270;BUTIÁ;10;48;21;48;49;18104;57;98;20963;
MA;210197;BOA VISTA DO GURUPI;10;49;20;49;39;8087;41;126;8494;
PB;251000;NAZAREZINHO;10;20;50;16;20;8094;18;80;7271;
PI;220455;GUARIBAS;10;21;48;21;23;5896;18;91;4573;
SE;280430;MURIBECA;10;31;32;31;33;8263;31;94;7653;
RJ;330513;SÃO JOSÉ DE UBÁ;10;33;30;33;29;7721;27;114;7240;
RS;431033;IMBÉ;10;49;20;49;49;13193;88;100;23721;
RJ;330540;SAPUCAIA;10;56;18;46;56;20171;51;82;18270;
MG;316245;SÃO JOÃO DAS MISSÕES;10;57;18;57;59;10580;74;97;13232;
BA;291995;MAETINGA;10;61;16;15;61;8130;18;25;2386;
MA;210410;FORTALEZA DOS NOGUEIRAS;10;63;16;63;69;12706;69;91;12662;
PA;150747;SÃO JOÃO DE PIRABAS;10;72;14;72;74;19557;89;97;23440;
BA;291350;IGUAÍ;10;57;18;44;57;16766;92;77;27006;
AP;160020;CALÇOENE;10;72;14;72;56;11047;58;129;11493;
PA;150635;SANTA BÁRBARA DO PARÁ;10;83;12;83;69;16529;91;120;21811;
SC;421630;SÃO JOÃO BATISTA;100;137;73;137;112;34413;129;122;39719;
AL;270260;FEIRA GRANDE;100;144;69;144;110;24655;99;131;22192;
CE;230590;IPUEIRAS;100;145;69;145;131;36316;137;111;38064;
AL;270235;CRAÍBAS;100;162;62;162;120;27371;107;135;24396;
BA;291950;LIVRAMENTO DE NOSSA SENHORA;100;171;58;171;176;46357;176;97;46372;
CE;231020;PARACURU;100;198;51;198;187;36750;181;106;35526;
SP;351880;GUARULHOS;1002;3364;30;2670;3364;727666;6493;79;1404694;
PI;221100;TERESINA;1009;4162;24;2529;4162;818499;4430;61;871126;
MG;314560;OLIVEIRA;101;138;73;138;130;42441;129;106;41987;
SP;354640;SANTA CRUZ DO RIO PARDO;101;141;72;141;146;38565;182;97;48207;
BA;292200;MUCURI;101;164;62;164;152;42240;154;108;42729;
GO;521180;JARAGUÁ;101;186;54;186;150;43560;180;124;52160;
GO;521975;SANTO ANTÔNIO DO DESCOBERTO;101;327;31;327;207;52509;303;158;76871;
MG;312160;DIAMANTINA;102;203;50;167;203;50993;191;82;47924;
SP;352530;JAÚ;102;207;49;207;128;44422;443;162;153463;
GO;521040;ITABERAÍ;102;217;47;217;167;41576;178;130;44329;
PA;150503;NOVO PROGRESSO;102;245;42;245;251;38112;170;98;25769;
MG;313760;LAGOA SANTA;102;265;38;186;265;76858;230;70;66744;
SP;350650;BIRIGUI;102;344;30;273;344;109601;396;79;126094;
ES;320060;ARACRUZ;102;353;29;261;353;86649;427;74;104942;
PA;150810;TUCURUÍ;102;432;24;432;360;73433;572;120;116605;
AM;130240;LÁBREA;103;258;40;258;179;38748;220;144;47685;
SP;353440;OSASCO;104;1145;9;269;1145;269879;2976;23;701428;
RO;110045;BURITIS;104;156;67;156;114;28274;165;137;41043;
MS;500295;CHAPADÃO DO SUL;104;191;54;191;178;33675;140;107;26499;
PA;150548;PACAJÁ;104;194;54;194;146;31165;230;133;49110;
SE;280450;NOSSA SENHORA DA GLÓRIA;104;203;51;203;195;40320;182;104;37715;
PE;261450;SURUBIM;104;246;42;246;267;66143;267;92;66192;
PB;250890;MAMANGUAPE;104;281;37;205;281;49537;257;73;45385;
MG;316210;SÃO GOTARDO;104;281;37;207;281;48286;210;74;36084;
PR;410150;ARAPONGAS;104;418;25;418;411;115937;449;102;126545;
CE;231310;TABULEIRO DO NORTE;105;117;90;117;104;32036;104;113;32079;
RJ;330350;NOVA IGUAÇU;105;1183;9;1183;1073;256529;3453;110;825388;
RO;110018;PIMENTA BUENO;105;163;64;163;166;34956;176;98;37098;
MG;313420;ITUIUTABA;105;201;52;201;224;66032;359;90;105818;
SP;354910;SÃO JOÃO DA BOA VISTA;105;243;43;155;243;75111;299;64;92315;
CE;230540;ICÓ;103;228;45;228;217;58686;253;105;68303;
RS;430700;ERECHIM;103;272;38;272;287;80837;381;95;107368;
SP;350070;AGUDOS;104;153;68;153;141;34206;155;109;37582;
PA;150795;TAILÂNDIA;105;287;37;287;207;48941;472;139;111554;
BA;292510;POÇÕES;106;178;60;178;175;49799;165;102;46885;
BA;292150;MONTE SANTO;106;211;50;211;197;46138;210;107;49145;
PE;261090;PESQUEIRA;106;214;50;214;215;51415;284;100;68067;
MT;510515;JUÍNA;106;246;43;173;246;44041;230;70;41190;
BA;291560;ITAMARAJU;106;271;39;271;234;56920;265;116;64423;
MG;315670;SABARÁ;106;319;33;319;326;89650;502;98;137877;
MG;313170;ITABIRA;106;374;28;284;374;110131;413;76;121717;
CE;230850;MOMBAÇA;107;147;73;147;152;43058;155;97;43917;
PE;260300;CABROBÓ;107;148;72;148;145;31955;158;102;34778;
CE;230780;MARCO;107;173;62;134;173;30525;158;77;27822;
CE;230800;MASSAPÊ;107;176;61;176;164;39960;161;107;39341;
PA;150230;CAPITÃO POÇO;107;229;47;229;212;45391;255;108;54545;
MG;316110;SÃO FRANCISCO;107;242;44;242;211;48262;247;115;56625;
SC;420430;CONCÓRDIA;107;291;37;185;291;67239;328;64;75683;
PI;220840;PIRIPIRI;107;303;35;254;303;67590;286;84;63829;
BA;293290;VALENÇA;107;313;34;259;313;66085;464;83;97873;
MG;312510;EXTREMA;107;352;30;209;352;65020;204;59;37649;
RS;431830;SÃO GABRIEL;108;183;59;183;206;56111;228;89;62187;
CE;230630;ITAPAGÉ;108;206;52;206;201;49199;218;102;53448;
MT;510675;PONTES E LACERDA;108;230;47;189;230;41773;254;82;46105;
RO;110011;JARU;108;280;39;234;280;56125;257;84;51469;
AL;270840;SÃO JOSÉ DA TAPERA;109;178;61;178;177;34586;166;101;32462;
CE;230810;MAURITI;109;234;47;234;204;50393;196;115;48370;
PE;261300;SÃO BENTO DO UNA;109;246;44;246;137;39680;209;180;60567;
MT;510250;CÁCERES;109;247;44;247;243;48279;479;102;95339;
PE;261370;SÃO LOURENÇO DA MATA;109;337;32;337;292;71312;470;115;114910;
SP;355400;TATUÍ;109;384;28;384;272;72828;463;141;124134;
RN;241180;SÃO FERNANDO;11;11;100;11;9;4186;8;122;3606;
PR;410315;BOM JESUS DO SUL;11;12;92;12;13;4637;10;92;3472;
RN;240690;LUCRÉCIA;11;12;92;12;7;4245;7;171;4053;
PB;250340;CACIMBA DE AREIA;11;13;85;13;11;4193;10;118;3708;
PB;250840;LASTRO;11;13;85;13;13;3842;9;100;2698;
RS;430540;CHIAPETTA;11;13;85;13;13;4412;11;100;3684;
MG;314930;PEDRO LEOPOLDO;11;139;8;99;139;42362;213;71;65149;
SP;350260;APARECIDA D'OESTE;11;14;79;14;10;5111;8;140;4122;
PR;410322;BOM SUCESSO DO SUL;11;14;79;14;11;3932;9;127;3244;
MG;312720;FUNILÂNDIA;11;14;79;14;11;5250;9;127;4434;
PB;251100;PEDRA BRANCA;11;14;79;14;12;4578;10;117;3802;
PR;411721;NOVA SANTA BÁRBARA;11;14;79;14;13;4755;12;108;4304;
GO;520760;FAZENDA NOVA;11;14;79;14;14;5699;13;100;5471;
RS;431175;MANOEL VIANA;11;14;79;14;16;7245;16;88;7315;
PR;411030;INAJÁ;11;14;79;14;5;2828;6;280;3122;
AL;270490;MAR VERMELHO;11;14;79;14;6;3830;5;233;3474;
SC;421910;VARGEÃO;11;14;79;14;9;4103;8;156;3569;
PR;412665;SULINA;11;15;73;15;10;4005;7;150;2880;
MG;314795;PATIS;11;15;73;15;12;5507;13;125;6031;
RS;431010;IGREJINHA;106;137;77;137;129;34904;139;106;37754;
TO;171610;PARAÍSO DO TOCANTINS;106;204;52;204;232;44279;275;88;52521;
ES;320280;ITAPEMIRIM;106;224;47;170;224;43750;179;76;34957;
PR;411340;LEÓPOLIS;11;12;92;12;6;4659;5;200;3896;
PB;251060;OURO VELHO;11;12;92;12;9;3772;7;133;3052;
RN;240370;FELIPE GUERRA;11;15;73;15;13;6636;12;115;6009;
TO;172000;SANTA TEREZINHA DO TOCANTINS;11;15;73;15;6;2642;6;250;2530;
RS;430558;COLINAS;11;15;73;15;6;3116;5;250;2466;
MS;500390;FIGUEIRÃO;11;15;73;15;6;3160;6;250;3066;
MG;313140;IPIAÇU;11;15;73;15;6;4545;6;250;4229;
SE;280690;SÃO FRANCISCO;11;15;73;15;8;3783;8;188;3837;
SP;352585;JUMIRIM;11;16;69;16;11;3932;10;145;3467;
SC;420417;CERRO NEGRO;11;16;69;16;13;3968;10;123;3013;
PI;220515;JACOBINA DO PIAUÍ;11;16;69;16;13;6117;12;123;5718;
GO;520520;CATURAÍ;11;16;69;16;15;6398;12;107;5132;
MG;315750;SANTA EFIGÊNIA DE MINAS;11;16;69;16;16;4842;14;100;4354;
RS;431142;LAJEADO DO BUGRE;11;16;69;16;4;2726;4;400;2569;
SP;350745;BOREBI;11;16;69;16;5;3424;4;320;2713;
RS;432146;TIO HUGO;11;16;69;16;7;3748;6;229;3078;
SP;350500;BARÃO DE ANTONINA;11;16;69;16;8;3980;7;200;3525;
RS;430990;IBIRAIARAS;11;15;73;15;17;7459;17;88;7267;
TO;172097;TALISMÃ;11;15;73;15;8;3436;7;188;2831;
TO;171720;PIRAQUÊ;11;16;69;16;5;2575;6;320;3038;
RS;430005;ÁGUA SANTA;11;16;69;16;6;4179;5;267;3738;
MG;310480;AUGUSTO DE LIMA;11;16;69;16;8;4830;8;200;4833;
SC;421535;SALTINHO;11;16;69;16;9;4125;8;178;3727;
PB;251460;SÃO JOSÉ DO BONFIM;11;17;65;17;14;3835;13;121;3619;
RS;432085;TABAÍ;11;17;65;17;17;5389;15;100;4816;
MG;310820;BONFINÓPOLIS DE MINAS;11;17;65;17;19;5619;18;89;5397;
MG;315000;PESCADOR;11;17;65;17;6;4264;6;283;4261;
PB;250115;AREIA DE BARAÚNAS;11;17;65;17;9;2329;8;189;2105;
MG;314840;PAULISTAS;11;17;65;17;9;4891;9;189;4794;
SP;350980;CAMPOS NOVOS PAULISTA;11;18;61;14;18;5992;15;78;5028;
SP;352215;ITAÓCA;11;18;61;18;10;3885;9;180;3332;
PR;412545;SÃO JOSÉ DAS PALMEIRAS;11;18;61;18;12;3559;12;150;3601;
SC;420985;LINDÓIA DO SUL;11;18;61;18;12;5125;11;150;4530;
PI;220527;JATOBÁ DO PIAUÍ;11;18;61;18;14;5835;12;129;4885;
SP;353090;MOMBUCA;11;18;61;18;15;4358;12;120;3523;
MG;313430;ITUMIRIM;11;18;61;18;17;7075;14;106;5978;
SP;350770;BRAÚNA;11;18;61;18;18;5912;18;100;5795;
RN;240950;PEDRA GRANDE;11;18;61;18;19;4613;13;95;3163;
PB;250270;BORBOREMA;11;18;61;18;20;5178;21;90;5311;
MG;311740;CONCEIÇÃO DE IPANEMA;11;18;61;18;8;4780;8;225;4581;
RS;430170;BARÃO DE COTEGIPE;11;19;58;15;19;7741;16;79;6616;
SP;354420;RIOLÂNDIA;11;19;58;16;19;7511;32;84;12856;
PE;261210;SALGADINHO;11;19;58;19;10;6420;17;190;11214;
SC;421335;PONTE ALTA DO NORTE;11;19;58;19;16;3763;15;119;3426;
MG;314030;MARLIÉRIA;11;19;58;19;18;5279;14;106;4030;
TO;170215;ARAGUANÃ;11;19;58;19;22;4875;26;86;5856;
MG;316520;SÃO THOMÉ DAS LETRAS;11;19;58;19;22;7420;21;86;7151;
PR;411300;JUSSARA;11;20;55;20;23;7062;23;87;7069;
GO;521810;PORTELÂNDIA;11;20;55;20;9;3937;9;222;4032;
BA;291260;IBIQUERA;11;17;65;17;11;3662;12;155;4047;
RN;240150;BARCELONA;11;18;61;18;11;4459;10;164;3989;
SC;420860;JABORÁ;11;18;61;18;18;4994;14;100;3899;
MS;500025;ALCINÓPOLIS;11;21;52;21;10;4516;12;210;5489;
TO;170370;BREJINHO DE NAZARÉ;11;21;52;21;12;5612;12;175;5540;
PI;220690;NOVO ORIENTE DO PIAUÍ;11;21;52;21;14;6205;15;150;6548;
PR;412110;QUINTA DO SOL;11;21;52;21;19;5591;15;111;4444;
PR;412340;SANTA FÉ;11;21;52;21;22;9920;27;95;12330;
PI;220325;CURRALINHOS;11;22;50;22;14;5267;12;157;4475;
MG;310240;ALVORADA DE MINAS;11;22;50;22;17;4709;13;129;3605;
MG;311360;CAREAÇU;11;23;48;15;23;7777;20;65;6826;
CE;230620;ITAIÇABA;11;23;48;16;23;7940;23;70;7904;
PR;412840;URAÍ;11;23;48;18;23;10802;24;78;11233;
GO;521056;ITAGUARI;11;23;48;18;23;6776;16;78;4684;
MG;315260;POUSO ALTO;11;23;48;18;23;7390;18;78;5862;
GO;522015;SÃO LUÍZ DO NORTE;11;23;48;23;15;5658;14;153;5263;
BA;292275;NOVA IBIÁ;11;23;48;23;17;7311;15;135;6518;
PR;412795;TUPÃSSI;11;23;48;23;20;6967;23;115;8105;
SP;354120;PRESIDENTE BERNARDES;11;23;48;23;27;13081;27;85;12943;
SP;353360;NUPORANGA;11;23;48;23;27;8671;23;85;7522;
MT;510720;RIO BRANCO;11;24;46;15;24;5357;23;63;5147;
SP;351980;ICÉM;11;24;46;20;24;9079;22;83;8363;
BA;292410;PEDRÃO;11;24;46;24;13;6938;14;185;7438;
MG;315710;SALTO DA DIVISA;11;24;46;24;15;6826;15;160;7014;
SP;351480;ELDORADO;11;25;44;19;25;7722;50;76;15592;
MG;312245;DIVISÓPOLIS;11;25;44;25;18;8697;23;139;11396;
PI;220340;DOM EXPEDITO LOPES;11;26;42;26;26;7993;23;100;6940;
SC;420800;ITÁ;11;23;48;23;14;8407;10;164;6091;
PI;220635;MILTON BRANDÃO;11;24;46;20;24;7550;21;83;6603;
CE;231370;UMARI;11;24;46;24;24;8043;23;100;7740;
SP;354350;RIVERSUL;11;25;44;25;20;5989;18;125;5364;
SP;351210;COLÔMBIA;11;26;42;26;29;7724;23;90;6223;
MG;311030;CALDAS;11;26;42;26;30;13541;32;87;14600;
GO;521973;SANTO ANTÔNIO DE GOIÁS;11;27;41;22;27;8228;22;81;6593;
ES;320200;DORES DO RIO PRETO;11;27;41;27;21;7788;18;129;6793;
RS;431450;PINHEIRO MACHADO;11;27;41;27;25;11124;27;108;12122;
MG;313480;JACUÍ;11;28;39;21;28;8152;26;75;7695;
TO;171070;ITAGUATINS;11;28;39;28;17;5812;17;165;5801;
TO;171050;ITACAJÁ;11;29;38;20;29;6188;35;69;7471;
SP;352550;JOANÓPOLIS;11;29;38;23;29;9187;43;79;13453;
MG;310920;BUENÓPOLIS;11;30;37;25;30;9666;32;83;10342;
SP;355390;TARABAI;11;29;38;20;29;8129;27;69;7609;
BA;291990;MACURURÉ;11;30;37;30;19;7378;20;158;7752;
RS;431365;PALMARES DO SUL;11;31;35;31;27;8304;37;115;11342;
RN;240630;LAGOA DE PEDRAS;11;32;34;24;32;8169;30;75;7624;
MA;210010;AFONSO CUNHA;11;32;34;32;30;7307;27;107;6631;
MG;312930;IAPU;11;33;33;20;33;11868;31;61;11085;
BA;291530;ITAGIMIRIM;11;33;33;33;13;6149;14;254;6784;
GO;522205;VICENTINÓPOLIS;11;33;33;33;31;9960;28;106;9002;
RR;140060;SÃO LUIZ;11;34;32;34;20;6066;27;170;8232;
TO;172010;SÃO BENTO DO TOCANTINS;11;34;32;34;20;6075;18;170;5457;
RN;241350;SERRINHA;11;32;34;32;28;7783;22;114;6128;
MS;500215;BODOQUENA;11;35;31;35;32;7997;31;109;7802;
PE;260392;CARNAUBEIRA DA PENHA;11;35;31;35;36;6243;76;97;13117;
RS;430080;ANTÔNIO PRADO;11;37;30;17;37;13029;37;46;13041;
MG;313690;JURUAIA;11;40;28;23;40;12592;34;58;10795;
TO;170900;GOIATINS;11;42;26;42;49;10034;64;86;13169;
TO;170100;ANANÁS;11;43;26;33;43;10328;39;77;9435;
RJ;330093;CARAPEBUS;11;44;25;44;40;15110;45;110;16859;
MG;310690;BICAS;11;45;24;26;45;15210;43;58;14612;
PR;411450;MANOEL RIBAS;11;48;23;38;48;13602;48;79;13517;
BA;290135;ANDORINHA;11;50;22;40;50;13258;54;80;14416;
BA;290770;CHORROCHÓ;11;55;20;55;36;9264;43;153;11221;
AC;120017;CAPIXABA;11;61;18;61;57;11183;63;107;12280;
PR;410170;ARARUNA;11;63;17;47;63;15866;56;75;14029;
MA;210190;BEQUIMÃO;11;71;15;71;67;17497;82;106;21317;
RJ;330030;BARRA DO PIRAÍ;11;78;14;78;89;28917;311;88;101139;
GO;521560;PADRE BERNARDO;11;80;14;80;76;21068;126;105;35011;
SP;352840;MAIRINQUE;11;98;11;98;77;18210;201;127;47723;
SC;420610;GRÃO PARÁ;11;37;30;37;24;7333;22;154;6621;
RJ;330180;ENGENHEIRO PAULO DE FRONTIN;11;38;29;30;38;14649;37;79;14138;
SP;352980;MINEIROS DO TIETÊ;11;48;23;48;34;12746;35;141;13023;
MT;510780;SANTO ANTÔNIO DO LEVERGER;11;59;19;59;59;15725;64;100;17188;
SP;351670;GARÇA;110;149;74;149;170;47881;158;88;44429;
SP;352710;LINS;110;183;60;183;153;44518;271;120;78978;
MT;510025;ALTA FLORESTA;110;294;37;233;294;55268;277;79;52105;
GO;520110;ANÁPOLIS;111;1290;9;770;1290;265721;1925;60;396526;
CE;230425;CRUZ;111;150;74;150;169;35445;120;89;25121;
PI;220700;OEIRAS;111;159;70;159;165;40402;152;96;37138;
PR;412090;QUEDAS DO IGUAÇU;111;176;63;176;114;30711;129;154;34707;
SE;280300;ITABAIANINHA;111;184;60;184;188;43981;181;98;42399;
PE;260530;EXU;111;190;58;190;164;34297;152;116;31709;
SC;420210;BARRA VELHA;111;215;52;215;231;47587;148;93;30539;
SP;352240;ITAPEVA;111;218;51;218;215;52036;393;101;95241;
MS;500540;MARACAJU;112;208;54;208;195;43962;217;107;48944;
MT;510180;BARRA DO GARÇAS;112;285;39;189;285;51491;341;66;61702;
MG;313240;ITAJUBÁ;112;338;33;223;338;91053;363;66;97782;
MG;315460;RIBEIRÃO DAS NEVES;112;613;18;613;724;181259;1364;85;341415;
RJ;330170;DUQUE DE CAXIAS;112;733;15;582;733;186203;3660;79;929449;
RJ;330510;SÃO JOÃO DE MERITI;112;755;15;448;755;201694;1772;59;473385;
SP;351040;CAPIVARI;113;162;70;162;158;45843;196;103;56973;
SP;355670;VINHEDO;113;167;68;167;137;40138;278;122;81516;
RS;430390;CAMPO BOM;113;190;59;136;190;58229;228;72;69981;
PE;261100;PETROLÂNDIA;113;203;56;203;183;33465;204;111;37246;
PE;260050;ÁGUAS BELAS;113;205;55;205;209;39612;232;98;43923;
PA;150730;SÃO FÉLIX DO XINGU;113;320;35;320;150;59096;344;213;135732;
BA;290720;CASA NOVA;113;357;32;357;238;54343;320;150;73092;
SP;352690;LIMEIRA;113;503;22;398;503;145554;1073;79;310783;
SC;420545;FORQUILHINHA;114;175;65;175;157;34308;126;111;27621;
SP;351020;CAPÃO BONITO;114;201;57;201;161;43664;174;125;47098;
BA;293050;SERRINHA;114;285;40;285;222;53291;340;128;81693;
SP;354880;SÃO CAETANO DO SUL;114;395;29;211;395;125660;512;53;162763;
SP;351960;IBITINGA;115;162;71;162;134;34521;238;121;61150;
PE;261560;TRINDADE;115;178;65;178;166;29966;172;107;31103;
MA;211400;ZÉ DOCA;115;220;52;220;176;45324;203;125;52190;
AP;160030;MACAPÁ;115;775;15;775;798;145877;2858;97;522357;
PR;411010;IMBITUVA;116;157;74;157;126;31654;133;125;33306;
SP;350210;ANDRADINA;116;160;73;160;179;53841;190;89;57245;
GO;521000;INHUMAS;116;225;52;186;225;57239;211;83;53655;
MA;210570;LAGO DA PEDRA;116;236;49;236;207;46260;228;114;50959;
PA;150360;ITAITUBA;116;568;20;568;606;83793;734;94;101541;
SP;351620;FRANCA;116;817;14;658;817;211996;1381;81;358539;
MT;510642;PEIXOTO DE AZEVEDO;117;186;63;186;165;33282;177;113;35695;
MT;510410;GUARANTÃ DO NORTE;117;187;63;187;144;33180;158;130;36439;
BA;293190;TUCANO;117;202;58;202;162;46956;176;125;50903;
BA;291470;ITABERABA;117;266;44;266;256;61339;270;104;64795;
GO;521760;PLANALTINA;117;479;24;479;384;75512;464;125;91345;
RS;432260;VENÂNCIO AIRES;118;146;81;146;142;47359;217;103;72373;
SE;280120;CANINDÉ DE SÃO FRANCISCO;118;179;66;179;165;31555;162;108;30894;
CE;230840;MISSÃO VELHA;118;188;63;188;177;37954;166;106;35566;
MA;210340;COELHO NETO;118;202;58;202;176;40004;219;115;49804;
SC;421820;TIMBÓ;119;151;79;151;154;51483;137;98;45703;
SP;352080;INÚBIA PAULISTA;12;13;92;13;7;4392;6;186;4045;
MG;315030;PIEDADE DO RIO GRANDE;12;14;86;14;15;5168;13;93;4436;
PB;251398;SÃO FRANCISCO;12;14;86;14;8;4331;6;175;3377;
RS;430469;CAPITÃO;12;15;80;15;10;3582;8;150;2770;
PB;251220;PRATA;12;15;80;15;10;4830;9;150;4265;
MG;316870;TIMÓTEO;114;194;59;194;206;63952;294;94;91268;
PR;411480;MARIALVA;115;175;66;175;169;41626;147;104;36103;
SC;421800;TIJUCAS;117;237;49;195;237;50869;186;82;39889;
PR;410370;CAMBÉ;119;344;35;281;344;96241;387;82;108126;
MG;313570;JEQUITIBÁ;12;13;92;13;14;6546;11;93;5203;
PR;410335;BRAGANEY;12;14;86;14;15;6047;13;93;5338;
SC;421625;SÃO JOÃO DO OESTE;12;15;80;15;15;6851;14;100;6423;
RS;430845;FORTALEZA DOS VALOS;12;16;75;16;14;5006;12;114;4252;
PB;250135;ASSUNÇÃO;12;16;75;16;16;5282;12;100;4067;
RN;240615;JUNDIÁ;12;16;75;16;2;4174;2;800;3945;
PR;410610;CONSELHEIRO MAIRINCK;12;16;75;16;7;3877;7;229;3891;
SC;421415;PRINCESA;12;16;75;16;8;3377;7;200;2950;
RN;240725;MAJOR SALES;12;15;80;15;12;4766;10;125;4102;
RN;240340;EQUADOR;12;15;80;15;8;6366;8;188;6064;
RN;240290;CORONEL JOÃO PESSOA;12;16;75;16;14;5411;13;114;4918;
PI;221005;SÃO JOSÉ DO DIVINO;12;16;75;16;16;6292;14;100;5361;
RS;430781;ESTRELA VELHA;12;16;75;16;9;3725;9;178;3646;
RN;241170;SÃO BENTO DO TRAIRÍ;12;17;71;17;11;4197;12;155;4541;
PB;250205;BERNARDINO BATISTA;12;17;71;17;12;4326;10;142;3571;
MT;510620;NOVA BRASILÂNDIA;12;17;71;17;12;4714;9;142;3656;
MT;510627;NOVO HORIZONTE DO NORTE;12;17;71;17;13;4063;13;131;4069;
BA;290090;ALMADINA;12;17;71;17;13;6068;11;131;5273;
PI;220777;PATOS DO PIAUÍ;12;17;71;17;13;6205;13;131;6420;
RN;241470;VÁRZEA;12;17;71;17;15;5731;14;113;5529;
GO;520670;DAMIANÓPOLIS;12;17;71;17;18;4157;14;94;3302;
TO;170310;BARROLÂNDIA;12;17;71;17;19;6181;17;89;5669;
SP;354050;PORANGABA;12;17;71;17;20;10696;19;85;10205;
MG;312060;CRUCILÂNDIA;12;17;71;17;7;5804;6;243;5072;
MG;312737;GOIABEIRA;12;18;67;18;10;4363;8;180;3402;
SC;421090;MODELO;12;18;67;18;10;4435;10;180;4227;
RS;431220;MAXIMILIANO DE ALMEIDA;12;18;67;18;10;4633;9;180;4254;
MG;315040;PIEDADE DOS GERAIS;12;18;67;18;11;5357;10;164;5034;
PR;410405;CAMPO BONITO;12;18;67;18;14;4318;12;129;3694;
PR;410780;FLORAÍ;12;18;67;18;17;6002;14;106;4883;
SC;420560;GALVÃO;12;18;67;18;9;3918;6;200;2711;
PR;411845;PATO BRAGADO;12;19;63;15;19;5708;19;79;5755;
RS;430187;BARRA DO QUARAÍ;12;19;63;19;10;3616;12;190;4238;
SP;354480;SALES;12;19;63;19;10;4496;14;190;6481;
MG;313870;LUMINÁRIAS;12;19;63;19;12;5343;12;158;5431;
SP;353320;NOVA INDEPENDÊNCIA;12;19;63;19;13;5244;10;146;4135;
MS;500840;VICENTINA;12;19;63;19;16;5979;16;119;6115;
SP;352115;IPIGUÁ;12;20;60;15;20;6957;16;75;5557;
RS;431650;SALVADOR DO SUL;12;20;60;16;20;7679;21;80;7975;
GO;520940;GUARANI DE GOIÁS;12;20;60;20;10;4860;8;200;3801;
RS;432050;SERTÃO;12;18;67;18;17;6294;14;106;5220;
TO;171780;PONTE ALTA DO BOM JESUS;12;19;63;19;10;4592;10;190;4586;
RN;240190;CAIÇARA DO RIO DO VENTO;12;20;60;20;12;4200;11;167;3745;
PR;411640;NOSSA SENHORA DAS GRAÇAS;12;20;60;20;8;3723;9;250;4009;
BA;291330;ICHU;12;20;60;20;9;6794;8;222;6232;
SP;352500;JANDIRA;12;203;6;133;203;51491;504;66;127734;
PI;220600;MARCOS PARENTE;12;21;57;16;21;5229;18;76;4546;
PR;411545;MARQUINHO;12;21;57;16;21;5629;16;76;4283;
AL;270390;JUNDIÁ;12;21;57;21;12;4398;11;175;4119;
SE;280260;GRACHO CARDOSO;12;21;57;21;17;5903;17;124;5831;
MG;310650;BERILO;12;21;57;21;20;10277;23;105;11813;
TO;171430;NAZARÉ;12;21;57;21;22;4864;17;95;3772;
MG;312880;GUIDOVAL;12;21;57;21;22;8909;17;95;7026;
SP;350440;AVANHANDAVA;12;22;55;17;22;8025;39;77;14063;
SP;352265;ITAPIRAPUÃ PAULISTA;12;22;55;18;22;5294;18;82;4294;
PR;412610;SÃO TOMÉ;12;22;55;22;12;5740;12;183;5778;
SE;280200;DIVINA PASTORA;12;22;55;22;16;4858;17;138;5290;
RS;432026;SEGREDO;12;22;55;22;18;7309;18;122;7465;
SC;421935;VITOR MEIRELES;12;22;55;22;19;5571;17;116;4907;
SP;350640;BILAC;12;23;52;16;23;8936;21;70;8197;
RN;240090;ANTÔNIO MARTINS;12;23;52;23;17;6360;19;135;7162;
SC;420080;ANCHIETA;12;23;52;23;17;6473;14;135;5477;
AC;120035;MARECHAL THAUMATURGO;12;23;52;23;19;3344;113;121;19727;
SP;354950;SÃO JOSÉ DA BELA VISTA;12;23;52;23;23;7880;26;100;8991;
BA;292935;SÃO JOSÉ DA VITÓRIA;12;23;52;23;27;6736;22;85;5562;
TO;170510;CHAPADA DA NATIVIDADE;12;23;52;23;6;3495;6;383;3330;
SP;352810;MACAUBAL;12;24;50;20;24;9002;22;83;8174;
AL;270530;MINADOR DO NEGRÃO;12;24;50;24;20;5855;18;120;5315;
RS;430590;CORONEL BICACO;12;24;50;24;25;8075;22;96;7213;
PI;220198;BREJO DO PIAUÍ;12;25;48;25;14;4608;12;179;3824;
SC;420070;ALFREDO WAGNER;12;25;48;25;28;10682;27;89;10136;
GO;520780;FIRMINÓPOLIS;12;26;46;26;17;11038;21;153;13604;
PA;150560;PEIXE-BOI;12;26;46;26;22;7537;24;118;8084;
PB;250470;CONGO;12;27;44;22;27;6212;21;81;4787;
RN;241280;SÃO RAFAEL;12;27;44;27;15;8004;15;180;8183;
GO;520380;BRITÂNIA;12;27;44;27;16;6824;14;169;5815;
PI;220213;CAMPO GRANDE DO PIAUÍ;12;27;44;27;20;6086;20;135;5987;
ES;320050;APIACÁ;12;27;44;27;21;8245;19;129;7542;
PB;250560;DIAMANTE;12;27;44;27;28;7011;26;96;6506;
GO;521970;SANTA TEREZINHA DE GOIÁS;12;27;44;27;29;9246;26;93;8386;
MG;315950;SANTA RITA DO ITUETO;12;28;43;21;28;6826;22;75;5426;
PB;250215;BOA VISTA;12;28;43;28;23;7356;23;122;7218;
PI;220060;ANGICAL DO PIAUÍ;12;28;43;28;25;7645;22;112;6779;
GO;520055;ALTO HORIZONTE;12;28;43;28;32;8016;27;88;6796;
SP;353290;NOVA EUROPA;12;30;40;16;30;10000;35;53;11519;
PI;220280;CONCEIÇÃO DO CANINDÉ;12;30;40;30;20;5585;17;150;4811;
MG;312820;GUARACIABA;12;30;40;30;23;10595;22;130;10307;
RN;241450;UMARIZAL;12;31;39;19;31;10591;31;61;10485;
SP;351130;CEDRAL;12;31;39;20;31;10116;29;65;9452;
PI;220177;BOA HORA;12;31;39;31;22;6999;22;141;6848;
MG;312083;CUPARAQUE;12;20;60;20;13;5544;12;154;5026;
MT;510523;LAMBARI D'OESTE;12;20;60;20;19;5397;22;105;6246;
MG;316080;SÃO BENTO ABADE;12;23;52;23;18;5515;18;128;5411;
PI;220900;RIO GRANDE DO PIAUÍ;12;23;52;23;19;6531;19;121;6434;
PI;220987;SÃO JOÃO DA FRONTEIRA;12;26;46;26;20;6409;19;130;6084;
BA;291090;FIRMINO ALVES;12;27;44;27;9;6268;8;300;5641;
PB;251010;NOVA FLORESTA;12;31;39;31;29;9008;34;107;10614;
PE;261010;PALMEIRINA;12;31;39;31;30;7933;28;103;7509;
MT;510279;CARLINDA;12;31;39;31;34;10013;34;91;10094;
PR;410070;ALTO PIQUIRI;12;31;39;31;34;9944;33;91;9722;
PI;220890;RIBEIRO GONÇALVES;12;32;38;32;20;6222;24;160;7408;
TO;171510;NOVO ACORDO;12;33;36;33;18;4955;16;183;4450;
MG;315130;PIRAÚBA;12;34;35;24;34;12185;30;71;10732;
MA;210465;GOVERNADOR NEWTON BELLO;12;34;35;34;33;8641;39;103;10121;
PB;250523;CUITÉ DE MAMANGUAPE;12;36;33;29;36;7526;30;81;6360;
MT;510050;ALTO PARAGUAI;12;36;33;36;15;7006;24;240;11587;
TO;171830;PRAIA NORTE;12;36;33;36;26;7328;30;138;8563;
BA;290225;ARATACA;12;36;33;36;26;8999;31;138;10904;
MG;310205;ALTO CAPARAÓ;12;31;39;31;23;6920;20;135;5938;
RS;431306;NOVA HARTZ;12;33;36;33;36;11452;69;92;22147;
SP;353780;PIEDADE;12;37;32;24;37;10559;196;65;55731;
MA;210237;CACHOEIRA GRANDE;12;38;32;38;42;9351;43;90;9524;
SP;354995;SÃO LOURENÇO DA SERRA;12;40;30;40;46;14030;53;87;16127;
SC;421230;PAULO LOPES;12;42;29;22;42;11765;27;52;7642;
PR;410725;DOURADINA;12;43;28;28;43;10626;36;65;8988;
MA;211105;SÃO JOÃO DO PARAÍSO;12;53;23;53;39;10113;43;136;11207;
MG;313300;ITAMONTE;12;56;21;34;56;16337;54;61;15844;
SE;280150;CARMÓPOLIS;12;58;21;58;58;15410;65;100;17232;
BA;290485;CABACEIRAS DO PARAGUAÇU;12;61;20;61;67;18193;70;91;19010;
AC;120025;EPITACIOLÂNDIA;12;63;19;63;61;13650;85;103;18979;
MG;311615;CHAPADA GAÚCHA;12;64;19;64;47;13319;50;136;14217;
PE;261550;TRACUNHAÉM;12;66;18;66;38;11849;44;174;13856;
PR;411940;PIRAÍ DO SUL;12;72;17;51;72;19980;93;71;25779;
RS;430466;CAPÃO DO LEÃO;12;86;14;45;86;20638;106;52;25462;
MG;310340;ARAÇUAÍ;12;93;13;57;93;27885;122;61;36715;
AM;130083;CAAPIRANGA;12;96;13;96;40;10628;51;240;13482;
MG;314110;MATOZINHOS;12;99;12;74;99;29054;131;75;38469;
PE;261260;SANTA MARIA DA BOA VISTA;120;209;57;209;184;37676;206;114;42266;
PR;411460;MARECHAL CÂNDIDO RONDON;120;217;55;171;217;52778;222;79;54031;
PB;250630;GUARABIRA;120;221;54;221;254;59177;255;87;59389;
PA;150085;ANAPU;120;237;51;237;210;30324;203;113;29312;
AL;270930;UNIÃO DOS PALMARES;120;314;38;265;314;59949;345;84;65963;
SE;280290;ITABAIANA;120;379;32;379;420;98748;412;90;96839;
SP;352220;ITAPECERICA DA SERRA;120;407;29;407;227;51011;799;179;179574;
SP;354070;PORTO FERREIRA;121;145;83;145;163;53905;172;89;56848;
PR;410720;DOIS VIZINHOS;121;165;73;165;175;38638;188;94;41424;
RS;430930;GUAÍBA;121;204;59;204;147;40960;352;139;98331;
SC;420380;CANOINHAS;121;207;58;207;212;46888;247;98;54558;
MG;314390;MURIAÉ;121;402;30;265;402;114792;385;66;109997;
MG;316800;TAIOBEIRAS;122;172;71;172;142;36875;133;121;34653;
PR;412060;PRUDENTÓPOLIS;122;189;65;189;156;44574;185;121;52776;
RJ;330070;CABO FRIO;122;356;34;356;329;90485;851;108;234077;
SP;354730;SANTANA DE PARNAÍBA;122;374;33;293;374;82139;661;78;145073;
CE;231360;UBAJARA;123;159;77;159;122;34131;126;130;35295;
PA;150650;SANTA IZABEL DO PARÁ;123;282;44;282;223;54415;298;126;72856;
MA;211000;SANTA LUZIA;123;290;42;290;253;56225;329;115;73105;
PE;261250;SANTA CRUZ DO CAPIBARIBE;123;367;34;367;256;67272;426;143;111812;
PB;251315;SANTA CECÍLIA;12;44;27;44;36;8662;27;122;6526;
BA;292225;MUQUÉM DE SÃO FRANCISCO;12;46;26;46;46;11156;47;100;11479;
RS;430450;CANGUÇU;12;78;15;44;78;26878;164;56;56370;
BA;293015;SERRA DO RAMALHO;122;201;61;201;158;31803;156;127;31362;
ES;320490;SÃO MATEUS;123;410;30;410;444;105349;568;92;134629;
SC;421500;RIO NEGRINHO;124;174;71;174;146;39206;159;119;42684;
CE;230580;IPU;124;192;65;192;183;44296;174;105;42148;
SC;421950;XANXERÊ;124;198;63;198;182;47979;198;109;52290;
PE;260210;BOM CONSELHO;124;235;53;235;104;43377;117;226;48975;
AL;270140;CAMPO ALEGRE;125;179;70;179;98;38551;148;183;57997;
MS;500790;SIDROLÂNDIA;126;218;58;218;159;47079;205;137;60792;
PA;150010;ABAETETUBA;123;595;21;595;640;123177;834;93;160439;
MA;210540;ITAPECURU MIRIM;124;375;33;375;334;62093;372;112;69233;
PE;260640;GRAVATÁ;126;297;42;297;259;71059;311;115;85309;
SP;350950;CAMPINAS;1261;2912;43;2261;2912;784650;4539;78;1223237;
PE;260010;AFOGADOS DA INGAZEIRA;127;168;76;168;198;46746;159;85;37546;
PE;260400;CARPINA;127;274;46;274;298;80407;315;92;85131;
GO;520870;GOIÂNIA;1272;2632;48;2632;3014;723594;6479;87;1555626;
PR;411330;LARANJEIRAS DO SUL;128;162;79;162;151;36098;135;107;32167;
PR;411790;PALOTINA;128;162;79;162;189;40193;152;86;32389;
PE;261530;TIMBAÚBA;128;188;68;188;207;55997;194;91;52587;
SP;350850;CAÇAPAVA;126;304;41;251;304;75588;385;83;95752;
PR;411180;JACAREZINHO;127;188;68;188;195;43449;176;96;39268;
PA;150670;SANTANA DO ARAGUAIA;127;224;57;224;83;37028;171;270;75995;
MG;312230;DIVINÓPOLIS;128;421;30;318;421;127780;799;76;242505;
PA;150550;PARAGOMINAS;128;456;28;456;443;81402;630;103;115838;
MG;313505;JAÍBA;129;197;65;197;179;38936;183;110;39850;
CE;231330;TAUÁ;129;216;60;216;236;61446;228;92;59259;
RS;430610;CRUZ ALTA;129;216;60;216;254;67758;223;85;59561;
SP;351550;FERNANDÓPOLIS;129;218;59;178;218;72227;210;82;69680;
SP;350400;ASSIS;129;226;57;226;232;72102;341;97;105768;
AL;270860;SÃO MIGUEL DOS CAMPOS;129;250;52;250;230;53884;266;109;62328;
PB;251620;SOUSA;129;254;51;254;265;69605;266;96;69997;
RJ;330240;MACAÉ;129;383;34;383;389;90507;1144;98;266136;
PI;220755;PAQUETÁ;13;13;100;13;11;4009;11;118;3931;
RS;431043;IPÊ;13;13;100;13;13;6926;13;100;6736;
SP;351350;CUBATÃO;13;139;9;81;139;41843;439;58;132521;
SC;421940;WITMARSUM;13;14;93;14;12;4799;10;117;4032;
RS;431210;MATA;13;14;93;14;12;4982;11;117;4760;
PI;221150;VERA MENDES;13;14;93;14;14;4014;11;100;3082;
PR;412210;RIO BOM;13;14;93;14;8;4058;6;175;3162;
AM;130063;BERURI;13;147;9;147;135;18923;146;109;20503;
PB;251470;SÃO JOSÉ DO SABUGI;13;15;87;15;10;4550;9;150;4153;
MG;311630;CIPOTÂNEA;13;15;87;15;11;6663;11;136;6811;
GO;522150;TURVÂNIA;13;15;87;15;15;5634;12;100;4526;
MG;315640;ROMARIA;13;15;87;15;7;3414;7;214;3507;
MG;316695;SERRANÓPOLIS DE MINAS;13;16;81;16;11;4623;12;145;4836;
RS;430180;BARRACÃO;13;16;81;16;12;5257;12;133;5237;
SP;354460;SABINO;13;16;81;16;17;5570;17;94;5638;
RS;430150;AUGUSTO PESTANA;13;16;81;16;17;7143;16;94;6545;
SC;420445;CORONEL MARTINS;13;16;81;16;2;2498;2;800;2560;
PB;250650;GURJÃO;13;17;76;17;10;3702;9;170;3477;
SP;354840;SANTÓPOLIS DO AGUAPEÍ;13;17;76;17;10;4770;10;170;4856;
TO;170389;CARRASCO BONITO;13;17;76;17;11;3780;12;155;4165;
TO;170320;BERNARDO SAYÃO;13;17;76;17;18;5181;15;94;4439;
SP;353400;ONDA VERDE;13;17;76;17;20;6473;14;85;4462;
MA;210730;NOVA IORQUE;13;17;76;17;5;4737;5;340;4682;
PI;220117;BARRA D'ALCÂNTARA;13;17;76;17;8;4668;7;213;3953;
PR;410115;ÂNGULO;13;18;72;18;10;3487;8;180;2931;
TO;170755;FÁTIMA;13;18;72;18;12;3875;12;150;3824;
PB;250960;MONTE HOREBE;13;18;72;18;12;4822;12;150;4867;
RS;431215;MATO LEITÃO;13;18;72;18;13;5959;10;138;4627;
PI;220730;PAES LANDIM;13;18;72;18;14;4704;12;129;4124;
SC;421507;RIQUEZA;13;18;72;18;16;5503;13;113;4525;
PR;412065;QUARTO CENTENÁRIO;13;18;72;18;18;4847;16;100;4420;
SC;420253;BOM JESUS;13;18;72;18;7;3222;7;257;3104;
MG;312825;GUARACIAMA;13;18;72;18;9;5681;8;200;5005;
RS;431160;LIBERATO SALZANO;13;19;68;16;19;5657;17;84;5087;
PI;220271;COCAL DE TELHA;13;19;68;19;12;5510;11;158;4908;
MG;317190;VIRGOLÂNDIA;13;19;68;19;12;5944;11;158;5303;
PB;250855;LOGRADOURO;13;19;68;19;13;5350;11;146;4406;
PB;251615;SOSSÊGO;13;19;68;19;14;4117;12;136;3631;
SP;351250;COROADOS;13;19;68;19;17;7539;14;112;6197;
GO;522045;SENADOR CANEDO;129;532;24;393;532;89801;719;74;121447;
RR;140020;CARACARAÍ;13;101;13;74;101;19624;116;73;22635;
RS;431915;SÃO MIGUEL DAS MISSÕES;13;18;72;18;17;7259;18;106;7692;
PR;412400;SANTANA DO ITARARÉ;13;19;68;15;19;6627;14;79;4916;
BA;290480;CAATIBA;13;19;68;19;20;6629;19;95;6232;
RS;432035;SENTINELA DO SUL;13;19;68;19;6;2920;11;317;5635;
MG;314625;PADRE CARVALHO;13;20;65;20;13;4826;18;154;6466;
SC;420660;GUARUJÁ DO SUL;13;20;65;20;14;5507;13;143;5196;
PB;250310;CABACEIRAS;13;20;65;20;15;5883;15;133;5710;
RN;240520;JANDUÍS;13;20;65;20;16;5605;15;125;5228;
AL;270270;FELIZ DESERTO;13;20;65;20;23;4998;22;87;4803;
MT;510617;NOVA NAZARÉ;13;21;62;14;21;3746;23;67;4013;
PA;150125;BANNACH;13;21;62;21;10;4412;7;210;3239;
PI;220192;BONFIM DO PIAUÍ;13;21;62;21;18;6158;17;117;5700;
MA;210193;BERNARDO DO MEARIM;13;22;59;22;13;5461;15;169;6102;
PI;221020;SÃO JOSÉ DO PIAUÍ;13;22;59;22;17;7102;16;129;6696;
MG;313060;INCONFIDENTES;13;22;59;22;17;7895;16;129;7387;
MG;313070;INDIANÓPOLIS;13;22;59;22;18;7038;18;122;7009;
GO;521140;ITAUÇU;13;22;59;22;23;9786;21;96;8968;
BA;293140;TEODORO SAMPAIO;13;19;68;19;9;8297;8;211;7296;
GO;521130;ITARUMÃ;13;22;59;22;14;6000;17;157;7337;
BA;291077;FEIRA DA MATA;13;22;59;22;8;6168;7;275;5656;
MS;500490;JARAGUARI;13;22;59;22;9;5737;12;244;7342;
SP;352950;MENDONÇA;13;23;57;16;23;6969;19;70;5638;
AL;270900;TANQUE D'ARCA;13;23;57;23;18;6911;16;128;6115;
TO;172065;SILVANÓPOLIS;13;23;57;23;26;6653;21;88;5452;
MG;314545;OLHOS-D'ÁGUA;13;24;54;24;12;5841;13;200;6243;
TO;171884;SANDOLÂNDIA;13;24;54;24;14;4395;11;171;3371;
MG;313110;INIMUTABA;13;24;54;24;18;8175;17;133;7605;
BA;291030;ELÍSIO MEDRADO;13;24;54;24;23;8793;21;104;8129;
RS;431580;ROCA SALES;13;25;52;19;25;10386;28;76;11556;
RS;431510;PORTO XAVIER;13;25;52;20;25;10968;23;80;10144;
TO;170390;CASEARA;13;25;52;25;18;5229;19;139;5514;
PI;220345;DOM INOCÊNCIO;13;25;52;25;21;9825;20;119;9574;
TO;171890;SANTA ROSA DO TOCANTINS;13;25;52;25;23;5411;21;109;4864;
MG;312860;GUARDA-MOR;13;25;52;25;24;7942;20;104;6558;
SC;420285;BRAÇO DO TROMBUDO;13;25;52;25;7;4693;6;357;3794;
GO;520725;DOVERLÂNDIA;13;26;50;26;14;7171;14;186;7174;
MS;500750;ROCHEDO;13;26;50;26;17;5935;15;153;5120;
PB;251276;RIACHÃO DO POÇO;13;23;57;23;20;5474;17;115;4571;
GO;521230;LEOPOLDO DE BULHÕES;13;26;50;26;27;8968;23;96;7663;
PI;220720;PADRE MARCOS;13;26;50;26;28;7343;26;93;6879;
TO;171195;LAGOA DO TOCANTINS;13;27;48;27;12;4219;13;225;4470;
BA;291100;FLORESTA AZUL;13;27;48;27;17;10072;18;159;10525;
RN;240485;ITAJÁ;13;27;48;27;20;8127;19;135;7641;
SE;280370;MACAMBIRA;13;27;48;27;21;7443;20;129;7002;
RN;240880;PARAZINHO;13;27;48;27;29;6231;25;93;5307;
MG;312050;CRISTINA;13;28;46;28;27;10519;26;104;10211;
RS;430545;CIDREIRA;13;29;45;20;29;10128;48;69;16897;
MG;315920;SANTA RITA DE CALDAS;13;30;43;30;24;9444;23;125;8900;
RN;241105;TIBAU;13;30;43;30;25;5818;18;120;4173;
SP;353280;NOVA ALIANÇA;13;31;42;21;31;8647;26;68;7161;
RN;240933;SANTA MARIA;13;31;42;31;14;5241;15;221;5689;
MA;211157;SÃO PEDRO DOS CRENTES;13;31;42;31;24;5291;21;129;4700;
GO;521370;MONTES CLAROS DE GOIÁS;13;31;42;31;30;9343;26;103;8037;
MT;510185;BOM JESUS DO ARAGUAIA;13;32;41;32;27;6762;27;119;6830;
SP;355140;SERRA AZUL;13;33;39;33;19;8865;33;174;15292;
RS;432170;TRÊS COROAS;13;33;39;33;35;12923;79;94;28948;
SC;420490;DESCANSO;13;34;38;25;34;9351;30;74;8136;
BA;291670;ITAQUARA;13;33;39;33;18;7113;21;183;8375;
BA;292830;SANTANÓPOLIS;13;34;38;34;10;9380;10;340;8987;
BA;291430;IRAMAIA;13;34;38;34;27;9729;22;126;7874;
MG;310830;BORDA DA MATA;13;35;37;35;38;18584;40;92;19809;
CE;231280;SENADOR SÁ;13;36;36;36;23;7867;23;157;7758;
MG;315160;PLANURA;13;36;36;36;34;11270;37;106;12445;
RN;240540;JAPI;13;37;35;25;37;6591;28;68;4935;
SE;280520;PINHÃO;13;37;35;37;19;6304;20;195;6678;
SP;350360;AREIÓPOLIS;13;38;34;38;25;11450;24;152;11186;
RS;430190;BARRA DO RIBEIRO;13;39;33;31;39;11737;45;79;13618;
AP;160023;FERREIRA GOMES;13;39;33;39;33;6332;42;118;8151;
PI;220640;MONSENHOR GIL;13;39;33;39;35;10983;34;111;10563;
SC;420620;GRAVATAL;13;41;32;27;41;12888;37;66;11652;
BA;291960;MACAJUBA;13;41;32;33;41;11028;42;80;11318;
MA;211085;SÃO FRANCISCO DO BREJÃO;13;41;32;41;18;9479;23;228;12082;
PI;220277;COLÔNIA DO PIAUÍ;13;41;32;41;20;7206;21;205;7665;
MG;315360;PRUDENTE DE MORAIS;13;42;31;34;42;12174;38;81;10931;
BA;291790;JANDAÍRA;13;43;30;43;38;10039;41;113;10742;
SE;280240;GARARU;13;44;30;44;38;11049;40;116;11599;
MG;316280;SÃO JOÃO EVANGELISTA;13;46;28;31;46;12239;59;67;15761;
MG;310800;BOM SUCESSO;13;48;27;48;49;18864;46;98;17612;
MG;314280;MONTE ALEGRE DE MINAS;13;55;24;55;45;19766;49;122;21349;
SP;352000;IGARAÇU DO TIETÊ;13;60;22;16;60;17906;83;27;24821;
AM;130020;ATALAIA DO NORTE;13;60;22;60;49;10472;98;122;20868;
SP;351515;ENGENHEIRO COELHO;13;61;21;61;53;15474;75;115;21712;
MA;210930;PRESIDENTE VARGAS;13;62;21;62;52;11550;51;119;11328;
MG;310510;BAMBUÍ;13;69;19;38;69;24465;68;55;23964;
MA;210515;IGARAPÉ DO MEIO;13;73;18;73;73;15461;68;100;14470;
BA;291992;MADRE DE DEUS;13;77;17;60;77;20031;84;78;21754;
SP;354410;RIO GRANDE DA SERRA;13;77;17;77;84;27908;157;92;52009;
RJ;330225;ITATIAIA;13;82;16;82;69;20157;111;119;32312;
CE;230220;BEBERIBE;130;230;57;230;179;53212;183;128;54315;
RO;110028;ROLIM DE MOURA;130;286;45;222;286;60295;264;78;55748;
SP;350330;ARARAS;130;308;42;255;308;90586;465;83;136739;
SP;350550;BARRETOS;130;347;37;202;347;100349;427;58;123546;
PR;411820;PARANAGUÁ;130;510;25;510;522;116431;705;98;157378;
SP;352040;ILHABELA;131;167;78;167;190;42759;161;88;36194;
SP;352470;JAGUARIÚNA;131;194;68;194;195;48866;239;99;59921;
PE;261000;PALMARES;131;271;48;271;270;52265;329;100;63745;
MA;210860;PINHEIRO;131;382;34;382;382;68049;473;100;84160;
GO;521150;ITUMBIARA;132;364;36;278;364;92221;422;76;106845;
GO;520140;APARECIDA DE GOIÂNIA;132;908;15;908;865;214716;2424;105;601844;
SP;352850;MAIRIPORÃ;133;267;50;267;189;62441;314;141;103645;
RS;430770;ESTEIO;134;223;60;223;262;72663;301;85;83352;
MA;211280;VIANA;134;268;50;268;306;53077;305;88;52852;
PE;260890;LIMOEIRO;135;262;52;199;262;65857;223;76;56149;
RJ;330580;TERESÓPOLIS;135;346;39;346;367;97919;697;94;185820;
MA;210990;SANTA INÊS;135;417;32;417;441;81566;486;95;89927;
PB;250370;CAJAZEIRAS;136;233;58;233;275;66855;257;85;62576;
PB;250320;CABEDELO;136;261;52;261;263;66395;276;99;69773;
SP;354780;SANTO ANDRÉ;137;1142;12;604;1142;300066;2754;53;723889;
BA;292805;SANTA LUZIA;13;51;25;51;43;11198;47;119;12308;
PE;260170;BELO JARDIM;130;251;52;251;272;57574;363;92;76930;
AL;270690;PILAR;134;208;64;208;196;41994;165;106;35310;
BA;293010;SENHOR DO BONFIM;137;268;51;268;293;67733;345;91;79813;
AM;130170;HUMAITÁ;137;275;50;275;261;47021;318;105;57195;
SC;420280;BRAÇO DO NORTE;138;196;70;196;187;40119;160;105;34294;
RN;240325;PARNAMIRIM;138;560;25;560;645;175382;1002;87;272490;
SC;420550;FRAIBURGO;139;169;82;169;158;37625;154;107;36723;
PE;260345;CAMARAGIBE;139;487;29;487;555;130672;679;88;159945;
SP;350920;CAJAMAR;139;257;54;257;265;53507;391;97;79034;
PA;150430;MARACANÃ;14;111;13;111;77;20850;109;144;29559;
RS;431730;SANTA VITÓRIA DO PALMAR;14;115;12;60;115;30725;110;52;29298;
SP;355500;TUPÃ;14;138;10;52;138;44712;202;38;65615;
PB;251392;SÃO BENTINHO;14;15;93;15;10;4715;10;150;4602;
PR;410715;DIAMANTE D'OESTE;14;16;88;16;15;5034;16;107;5279;
MG;311547;CATUTI;14;17;82;17;11;5097;11;155;4944;
PR;412040;PRESIDENTE CASTELO BRANCO;14;17;82;17;13;5165;14;131;5395;
MG;314150;MENDES PIMENTEL;14;17;82;17;13;6102;14;131;6446;
MG;316390;SÃO PEDRO DA UNIÃO;14;17;82;17;15;5823;12;113;4563;
RN;240400;FRUTUOSO GOMES;14;17;82;17;16;4547;14;106;4015;
PB;250290;BREJO DOS SANTOS;14;17;82;17;20;6933;19;85;6479;
MG;315210;PONTE NOVA;14;174;8;83;174;50525;207;48;60003;
PR;412862;ALTO PARAÍSO;14;18;78;18;12;3599;9;150;2630;
MG;312733;GAMELEIRAS;14;18;78;18;17;5677;15;106;5084;
RO;110148;SÃO FELIPE D'OESTE;14;18;78;18;18;6384;14;100;4962;
MG;312247;DOM BOSCO;14;19;74;19;10;4424;8;190;3635;
RN;241355;SERRINHA DOS PINTOS;14;19;74;19;11;5277;10;173;4832;
SP;354320;RIBEIRÃO DO SUL;14;19;74;19;12;4975;11;158;4537;
PI;220194;BOQUEIRÃO DO PIAUÍ;14;19;74;19;16;7442;14;119;6443;
MG;312650;FRANCISCO BADARÓ;14;20;70;20;13;8255;16;154;10311;
PR;412265;ROSÁRIO DO IVAÍ;14;19;74;15;19;6387;14;79;4595;
PB;251275;RIACHÃO DO BACAMARTE;14;20;70;20;20;5158;18;100;4562;
SC;420165;ARVOREDO;14;20;70;20;4;3105;3;500;2228;
MG;316310;SÃO JOSÉ DA VARGINHA;14;20;70;20;9;4925;9;222;5151;
TO;171090;ITAPIRATINS;14;21;67;17;21;4510;18;81;3814;
PB;251400;SÃO JOÃO DO CARIRI;14;21;67;21;12;4685;11;175;4170;
RS;430003;ACEGUÁ;14;21;67;21;16;6181;13;131;4981;
SC;421270;PETROLÂNDIA;14;21;67;21;19;7092;16;111;5873;
SP;351885;GUATAPARÁ;14;21;67;21;21;6847;24;100;7760;
TO;170230;ARAPOEMA;14;21;67;21;24;6473;24;88;6590;
AL;270220;COQUEIRO SECO;14;20;70;20;21;6853;18;95;5882;
SP;352650;LAVÍNIA;14;20;70;20;4;6221;8;500;12581;
GO;520215;ARAGUAPAZ;14;21;67;21;8;7007;9;263;7795;
SC;420050;ÁGUAS DE CHAPECÓ;14;21;67;21;9;6810;9;233;6544;
MG;311640;CLARAVAL;14;22;64;22;1;5857;1;2200;4873;
TO;170555;COMBINADO;14;22;64;22;13;5359;12;169;4870;
MS;500350;DOURADINA;14;22;64;22;14;5753;15;157;6025;
MG;310220;ALVARENGA;14;22;64;22;18;5176;13;122;3783;
BA;292690;RIO DO PIRES;14;22;64;22;19;10055;22;116;11672;
PI;220100;ARRAIAL;14;22;64;22;19;5209;17;116;4713;
SP;353410;ORIENTE;14;22;64;22;20;7563;17;110;6569;
ES;320360;MUCURICI;14;22;64;22;24;6648;20;92;5468;
MG;312910;GURINHATÃ;14;22;64;22;5;5952;5;440;5516;
RS;432253;VALE DO SOL;14;23;61;23;17;10727;19;135;11873;
CE;230510;GUARAMIRANGA;14;23;61;23;18;6910;13;128;5073;
RS;431395;PANTANO GRANDE;14;23;61;23;25;9941;23;92;8995;
MG;310760;BOM JESUS DA PENHA;14;24;58;24;12;5076;10;200;4270;
PI;220380;FLORES DO PIAUÍ;14;24;58;24;15;4621;14;160;4461;
PB;250527;CURRAL DE CIMA;14;24;58;24;22;6415;18;109;5209;
MG;312440;ESPÍRITO SANTO DO DOURADO;14;24;58;24;23;6651;16;104;4728;
GO;521550;OUVIDOR;14;24;58;24;26;8431;21;92;6895;
SP;351080;CASA BRANCA;14;25;56;21;25;8424;92;84;30655;
TO;171570;PALMEIRANTE;14;25;56;25;15;5123;18;167;6234;
MG;313560;JEQUITAÍ;14;25;56;25;21;6943;22;119;7407;
TO;170610;CRISTALÂNDIA;14;25;56;25;23;7241;23;109;7268;
SC;420740;IMBUIA;14;25;56;25;25;7186;22;100;6284;
MG;311455;CARNEIRINHO;14;26;54;18;26;10286;26;69;10103;
PR;410775;FIGUEIRA;14;26;54;20;26;8915;22;77;7625;
MG;310840;BOTELHOS;14;26;54;26;18;9622;28;144;14927;
MG;314435;NAQUE;14;26;54;26;22;7197;22;118;7104;
PI;220545;JOCA MARQUES;14;26;54;26;25;6419;21;104;5488;
GO;520580;CORUMBÁ DE GOIÁS;14;27;52;27;15;9662;18;180;11223;
SP;350430;AVAÍ;14;27;52;27;17;6251;15;159;5467;
MG;312590;FERROS;14;27;52;27;26;10054;25;104;9576;
MG;315050;PIMENTA;14;28;50;28;12;9572;11;233;8715;
TO;171880;SAMPAIO;14;28;50;28;19;5426;17;147;4876;
MG;311400;CARMO DA MATA;14;28;50;28;23;11972;22;122;11546;
PR;412450;SANTO INÁCIO;14;28;50;28;26;6203;23;108;5422;
PE;260250;BREJINHO;14;26;54;26;25;8930;21;104;7489;
BA;290010;ABAÍRA;14;27;52;27;12;8529;12;225;8681;
PB;251272;PEDRO RÉGIS;14;27;52;27;14;6232;14;193;6139;
MG;310990;CAETANÓPOLIS;14;29;48;23;29;10944;31;79;11869;
PB;250360;CAIÇARA;14;29;48;29;18;7292;18;161;7182;
PI;220327;CURRAL NOVO DO PIAUÍ;14;29;48;29;22;5579;21;132;5390;
PI;220335;DIRCEU ARCOVERDE;14;30;47;30;23;6446;25;130;7046;
MG;316690;SERRANIA;14;31;45;31;26;8573;23;119;7667;
TO;170740;ESPERANTINA;14;31;45;31;34;8721;44;91;11280;
MT;510500;JAURU;14;32;44;27;32;8173;33;84;8377;
GO;521280;MARA ROSA;14;32;44;32;36;9416;35;89;9234;
MG;310050;AÇUCENA;14;33;42;33;27;9490;26;122;9270;
SP;351390;DIVINOLÂNDIA;14;31;45;19;31;10101;34;61;11027;
SC;421567;SANTA TEREZINHA;14;31;45;31;18;8338;19;172;8760;
MG;316260;SÃO JOÃO DO ORIENTE;14;34;41;25;34;8338;30;74;7393;
CE;230720;JATI;14;35;40;27;35;8179;35;77;8150;
MG;315800;SANTA MARIA DE ITABIRA;14;35;40;27;35;9977;38;77;10867;
MA;211163;SÃO RAIMUNDO DO DOCA BEZERRA;14;35;40;35;20;6226;16;175;5028;
PR;412160;RENASCENÇA;14;35;40;35;24;7678;21;146;6772;
MA;210565;JUNCO DO MARANHÃO;14;38;37;31;38;6303;26;82;4334;
MA;210310;CEDRAL;14;38;37;38;23;9801;25;165;10711;
BA;293317;VARZEDO;14;40;35;31;40;10639;33;78;8734;
RS;430860;GARIBALDI;14;43;33;29;43;13436;114;67;35794;
MG;313180;ITABIRINHA;14;43;33;43;27;10606;30;159;11637;
MG;314053;MARTINS SOARES;14;44;32;44;36;10584;29;122;8640;
BA;291970;MACARANI;14;44;32;44;37;14252;49;119;19056;
MA;210663;MATÕES DO NORTE;14;45;31;45;14;9147;26;321;17316;
MG;313220;ITAGUARA;14;45;31;45;49;15169;44;92;13510;
GO;520180;ARAGOIÂNIA;14;47;30;38;47;13615;37;81;10680;
MG;314535;NOVO ORIENTE DE MINAS;14;47;30;47;31;9780;34;152;10800;
MG;316900;TOCANTINS;14;48;29;33;48;15748;51;69;16769;
MA;210250;CAJARI;14;49;29;49;54;14382;73;91;19521;
MA;211027;SANTO AMARO DO MARANHÃO;14;53;26;53;42;14027;48;126;16219;
MG;315280;PRATA;14;55;25;55;49;24769;56;112;28173;
PE;260870;LAGOA DOS GATOS;14;57;25;57;39;12023;53;146;16345;
MA;210020;ALCÂNTARA;14;59;24;59;54;18494;65;109;22126;
PA;150710;SÃO CAETANO DE ODIVELAS;14;63;22;63;64;17542;66;98;18207;
MT;510260;CAMPINÁPOLIS;14;71;20;27;71;9277;124;38;16223;
PR;411060;IPORÃ;14;74;19;26;74;17914;56;35;13642;
RS;431240;MONTENEGRO;140;192;73;192;184;47955;254;104;66157;
MG;316470;SÃO SEBASTIÃO DO PARAÍSO;140;288;49;205;288;73181;283;71;71915;
PE;261220;SALGUEIRO;140;339;41;258;339;66790;312;76;61561;
PR;411950;PIRAQUARA;140;392;36;277;392;94146;486;71;116852;
AC;120020;CRUZEIRO DO SUL;140;450;31;450;486;86202;506;93;89760;
MA;211270;VARGEM GRANDE;141;245;58;245;159;37932;242;154;57813;
MG;317070;VARGINHA;141;363;39;363;402;102809;538;90;137608;
CE;231230;SÃO BENEDITO;142;229;62;229;204;43166;229;112;48354;
CE;230960;PACAJUS;142;303;47;303;208;56543;273;146;74145;
PI;220205;CABECEIRAS DO PIAUÍ;14;42;33;42;29;9869;31;145;10671;
MA;210545;JATOBÁ;14;44;32;44;21;7205;31;210;10464;
PE;260760;ILHA DE ITAMARACÁ;14;72;19;72;69;20173;92;104;27076;
MA;210750;PAÇO DO LUMIAR;141;433;33;433;309;73919;524;140;125265;
CE;230410;CRATEÚS;142;304;47;304;240;67712;267;127;75241;
BA;290460;BRUMADO;143;235;61;235;264;65094;274;89;67468;
PA;150840;XINGUARA;143;312;46;257;312;50258;282;82;45416;
RS;432000;SAPUCAIA DO SUL;143;370;39;304;370;112948;467;82;142508;
AM;130120;COARI;143;471;30;471;381;63738;519;124;86713;
MT;510263;CAMPO NOVO DO PARECIS;144;216;67;216;245;38940;232;88;36917;
MT;510335;CONFRESA;144;236;61;236;170;33243;164;139;32076;
BA;292100;MATA DE SÃO JOÃO;144;239;60;239;248;57661;205;96;47643;
RS;431490;PORTO ALEGRE;1440;3197;45;2570;3197;933098;5113;80;1492530;
MG;314810;PATROCÍNIO;145;354;41;253;354;79633;410;71;92116;
SP;352340;ITATIBA;145;363;40;260;363;107508;420;72;124254;
BA;290600;CAMPO FORMOSO;146;312;47;312;280;61146;329;111;71754;
MA;211220;TIMON;147;720;20;720;770;149979;880;94;171317;
RJ;330390;PETRÓPOLIS;147;833;18;482;833;203454;1258;58;307144;
PE;260880;LAJEDO;148;214;69;214;185;38752;195;116;40883;
BA;291800;JEQUIÉ;148;399;37;399;396;85615;723;101;156277;
CE;230500;GUARACIABA DO NORTE;149;202;74;202;217;42435;209;93;40921;
AL;270630;PALMEIRA DOS ÍNDIOS;149;413;36;337;413;75641;401;82;73452;
SP;354800;SANTO ANTÔNIO DE POSSE;15;113;13;113;59;23212;60;192;23742;
PA;150770;SÃO SEBASTIÃO DA BOA VISTA;15;118;13;118;84;15493;148;140;27302;
AL;270470;MARECHAL DEODORO;146;326;45;253;326;62137;277;78;52848;
RR;140015;BONFIM;15;131;11;67;131;16212;103;51;12701;
SP;351340;CRUZEIRO;15;142;11;80;142;44604;264;56;82895;
SP;353770;PIACATU;15;16;94;16;15;6679;14;107;6093;
PB;251675;TENÓRIO;15;17;88;17;10;3596;9;170;3103;
PR;411040;INDIANÓPOLIS;15;17;88;17;15;5565;12;113;4472;
PR;411380;LUPIONÓPOLIS;15;18;83;18;10;5274;9;180;4969;
RN;241110;RUY BARBOSA;15;18;83;18;11;4087;10;164;3584;
SP;354025;PONTALINDA;15;18;83;18;12;4680;12;150;4719;
RS;430607;CRISTAL DO SUL;15;18;83;18;7;3156;6;257;2840;
SC;421315;PLANALTO ALEGRE;15;18;83;18;7;3296;6;257;2907;
RS;430807;FAZENDA VILANOVA;15;19;79;19;12;5088;11;158;4680;
SP;353160;MONTE CASTELO;15;19;79;19;14;4912;12;136;4166;
PR;412640;SERTANEJA;15;19;79;19;16;6461;13;119;5149;
PI;220940;SANTO ANTÔNIO DE LISBOA;15;19;79;19;20;6688;19;95;6466;
RJ;330452;RIO DAS OSTRAS;15;197;8;197;206;52684;623;96;159529;
RS;431407;PASSO DO SOBRADO;15;20;75;20;11;6549;11;182;6612;
PB;250260;IGARACY;15;20;75;20;15;6539;14;133;6092;
GO;521080;ITAJÁ;15;21;71;21;12;5273;10;175;4412;
TO;170560;CONCEIÇÃO DO TOCANTINS;15;21;71;21;13;4715;11;162;4070;
MG;316770;SOBRÁLIA;15;21;71;21;14;5947;13;150;5476;
SC;421223;PARAÍSO;15;21;71;21;16;4669;11;131;3284;
MG;313925;MAMONAS;15;21;71;21;16;6816;15;131;6565;
MT;510776;SANTA RITA DO TRIVELATO;15;21;71;21;8;4143;7;263;3602;
RN;240490;ITAÚ;15;22;68;22;10;5969;10;220;5916;
TO;170730;DUERÉ;15;22;68;22;14;5166;13;157;4686;
SP;353520;PALMEIRA D'OESTE;15;22;68;22;19;10005;17;116;9173;
SC;421790;TANGARÁ;15;22;68;22;21;9207;20;105;8648;
MG;310300;ANTÔNIO DIAS;15;22;68;22;25;10625;22;88;9233;
PI;221063;SEBASTIÃO LEAL;15;23;65;23;14;5373;11;164;4311;
TO;171630;PAU D'ARCO;15;23;65;23;16;5029;16;144;4885;
MG;310850;BOTUMIRIM;15;23;65;23;16;5957;17;144;6259;
CE;230180;BAIXIO;15;23;65;23;16;6370;16;144;6318;
PI;220560;LANDRI SALES;15;23;65;23;19;6239;16;121;5272;
MS;500280;CARACOL;15;23;65;23;20;6035;21;115;6247;
SP;351520;ESTRELA D'OESTE;15;23;65;23;23;10860;18;100;8420;
TO;170825;FORTALEZA DO TABOCÃO;15;24;63;18;24;4495;14;75;2615;
PB;250153;BARAÚNA;15;24;63;24;15;5344;14;160;5033;
SC;421885;UNIÃO DO OESTE;15;16;94;16;9;3126;7;178;2364;
RS;432185;TRÊS PALMEIRAS;15;19;79;19;15;5018;13;127;4232;
SP;354270;RESTINGA;15;24;63;24;21;8318;20;114;7762;
SC;420915;JOSÉ BOITEUX;15;24;63;24;24;6077;20;100;5019;
RS;431170;MACHADINHO;15;24;63;24;24;6507;20;100;5411;
RS;432055;SERTÃO SANTANA;15;25;60;25;12;5903;13;208;6586;
RN;240300;CRUZETA;15;25;60;25;17;8467;16;147;7968;
BA;291855;JUSSARI;15;25;60;25;19;5496;20;132;5706;
MG;315445;RIACHINHO;15;25;60;25;19;7914;20;132;8132;
RO;110180;VALE DO PARAÍSO;15;25;60;25;23;7514;20;109;6490;
MA;210598;LAJEADO NOVO;15;25;60;25;26;7649;26;96;7653;
SE;280445;NOSSA SENHORA APARECIDA;15;25;60;25;26;9532;24;96;8822;
MG;313150;IPUIÚNA;15;26;58;18;26;9777;27;69;10156;
MG;315765;SANTA HELENA DE MINAS;15;26;58;21;26;6033;28;81;6406;
MG;315810;SANTA MARIA DO SALTO;15;26;58;26;14;5301;14;186;5203;
RN;240730;MARCELINO VIEIRA;15;26;58;26;21;8635;20;124;8325;
SE;280220;FEIRA NOVA;15;26;58;26;26;5820;25;100;5617;
PI;220556;LAGOA DO BARRO DO PIAUÍ;15;27;56;19;27;7079;18;70;4658;
TO;171875;RIO SONO;15;27;56;27;13;5006;17;208;6498;
MG;311700;COMERCINHO;15;27;56;27;13;7211;12;208;6624;
PB;251590;SERRARIA;15;25;60;25;14;5889;14;179;6037;
BA;291905;LAJEDO DO TABOCAL;15;26;58;26;18;8152;19;144;8591;
BA;291150;GONGOGI;15;27;56;27;17;6895;17;159;6852;
PB;250200;BELÉM DO BREJO DO CRUZ;15;27;56;27;17;7127;18;159;7356;
PR;411900;PÉROLA D'OESTE;15;27;56;27;19;6831;17;142;6232;
SP;350680;BOCAINA;15;27;56;27;24;9610;31;113;12571;
SP;355560;UCHOA;15;27;56;27;29;12136;24;93;10191;
MA;210955;RIBAMAR FIQUENE;15;27;56;27;30;7950;30;90;7859;
GO;521630;PARANAIGUARA;15;28;54;28;15;8094;19;187;10221;
MA;211167;SÃO ROBERTO;15;28;54;28;17;5765;20;165;6856;
PB;251445;SÃO JOSÉ DOS RAMOS;15;28;54;28;25;6743;22;112;6037;
SP;354820;SANTO ANTÔNIO DO PINHAL;15;28;54;28;29;7925;25;97;6843;
RS;431050;IRAÍ;15;29;52;18;29;8050;25;62;7046;
PI;220970;SÃO FRANCISCO DO PIAUÍ;15;29;52;29;13;6202;13;223;6417;
MG;316950;TUMIRITINGA;15;29;52;29;19;6575;20;153;6797;
TO;170600;COUTO MAGALHÃES;15;29;52;29;21;6286;19;138;5690;
PR;411810;PARANACITY;15;29;52;29;21;8650;28;138;11685;
GO;520250;ARUANÃ;15;29;52;29;22;7836;29;132;10340;
RN;241020;PORTALEGRE;15;29;52;29;25;8213;24;116;7944;
TO;171900;SANTA TEREZA DO TOCANTINS;15;30;50;30;17;3768;13;176;2928;
SC;421635;SÃO JOÃO DO ITAPERIÚ;15;30;50;30;22;5877;14;136;3784;
RS;430830;FONTOURA XAVIER;15;30;50;30;23;10448;22;130;10181;
SP;355360;TAPIRATIBA;15;31;48;24;31;13781;29;77;12940;
MG;312235;DIVISA ALEGRE;15;31;48;24;31;7859;27;77;6946;
MG;311783;CÔNEGO MARINHO;15;31;48;31;18;7271;19;172;7730;
GO;520400;CABECEIRAS;15;31;48;31;26;9088;23;119;8098;
MG;314450;NAZARENO;15;32;47;32;13;9032;13;246;8710;
MG;311140;CAMPO FLORIDO;15;33;45;33;27;8248;27;122;8383;
MA;210923;PRESIDENTE MÉDICI;15;33;45;33;28;7091;28;118;7124;
GO;520390;BURITI ALEGRE;15;35;43;27;35;10059;33;77;9515;
CE;231010;PALMÁCIA;15;35;43;35;20;10095;27;175;13553;
PI;220430;FRONTEIRAS;15;34;44;26;34;11039;36;76;11690;
MA;211023;SANTANA DO MARANHÃO;15;35;43;35;22;9372;32;159;13704;
PB;250520;CUITEGI;15;36;42;24;36;7614;32;67;6748;
MG;312620;FORMOSO;15;36;42;36;12;7546;16;300;9810;
BA;290640;CANDEAL;15;36;42;36;20;8854;18;180;8109;
SC;421225;PASSO DE TORRES;15;36;42;36;27;12444;20;133;9269;
PI;220920;SANTA FILOMENA;15;37;41;37;25;6570;24;148;6256;
SP;354600;SANTA BRANCA;15;37;41;37;36;12168;44;103;14925;
MS;500400;GLÓRIA DE DOURADOS;15;38;39;27;38;10864;35;71;9934;
MG;312125;DELTA;15;38;39;38;31;10229;33;123;10994;
PB;250330;CACHOEIRA DOS ÍNDIOS;15;38;39;38;35;10246;35;109;10364;
PA;150775;SAPUCAIA;15;39;38;39;27;5947;28;144;6088;
RS;430100;ARROIO DO MEIO;15;39;38;39;39;13643;60;100;21121;
PR;411890;PÉROLA;15;41;37;29;41;12358;38;71;11406;
BA;292665;RIBEIRÃO DO LARGO;15;41;37;33;41;9074;22;80;4896;
RN;241255;SÃO MIGUEL DO GOSTOSO;15;42;36;42;13;9828;14;323;10441;
RN;240440;GROSSOS;15;43;35;43;18;8706;22;239;10541;
SE;280590;RIACHUELO;15;43;35;43;36;9026;41;119;10354;
AM;130400;SILVES;15;45;33;45;39;6003;60;115;9289;
MG;313360;ITAPEVA;15;47;32;34;47;13283;35;72;9976;
PR;410310;BOCAIÚVA DO SUL;15;48;31;48;33;10306;42;145;13308;
RN;241360;SEVERIANO MELO;15;49;31;20;49;7737;11;41;1743;
PE;260820;JOAQUIM NABUCO;15;49;31;49;46;13108;56;107;15999;
SC;420390;CAPINZAL;15;52;29;32;52;13746;88;62;23218;
RJ;330310;NATIVIDADE;15;52;29;33;52;17660;45;63;15305;
MA;210940;PRIMEIRA CRUZ;15;54;28;54;35;11872;46;154;15545;
SP;353630;PATROCÍNIO PAULISTA;15;55;27;55;47;12646;56;117;14941;
AM;130220;JURUÁ;15;56;27;56;36;7846;71;156;15495;
RJ;330140;CONCEIÇÃO DE MACABU;15;56;27;56;61;18544;77;92;23561;
PE;260920;MARAIAL;15;60;25;60;47;9375;56;128;11098;
BA;290340;BELMONTE;15;61;25;61;58;16940;80;105;23540;
PB;250860;LUCENA;15;65;23;65;66;15020;59;98;13344;
PA;150400;LIMOEIRO DO AJURU;15;70;21;70;36;8775;121;194;29623;
RR;140023;CAROEBE;15;70;21;70;46;9902;49;152;10595;
AM;130040;BARCELOS;15;76;20;76;64;11460;156;119;27772;
GO;521010;IPAMERI;15;83;18;64;83;25665;88;77;27365;
AM;130300;NHAMUNDÁ;15;85;18;85;43;9530;99;198;21710;
PR;411760;PALMAS;150;226;66;226;179;36817;255;126;52503;
SP;351840;GUARATINGUETÁ;150;285;53;285;190;53586;436;150;123192;
CE;230655;ITAREMA;151;221;68;221;228;43475;223;97;42595;
CE;230110;ARACATI;151;298;51;298;298;76246;295;100;75392;
BA;292580;QUEIMADAS;15;53;28;44;53;14056;96;83;25428;
MG;315180;POÇOS DE CALDAS;151;488;31;355;488;135160;613;73;169838;
BA;291920;LAURO DE FREITAS;151;565;27;565;567;123652;939;100;204669;
MT;510525;LUCAS DO RIO VERDE;151;595;25;392;595;89539;463;66;69671;
SP;351300;COTIA;151;707;21;707;643;127056;1306;110;257882;
SP;352730;LOUVEIRA;152;215;71;215;212;45759;236;101;51007;
CE;230280;CANINDÉ;152;333;46;333;287;71758;310;116;77484;
SC;420200;BALNEÁRIO CAMBORIÚ;152;411;37;411;375;114186;490;110;149227;
MA;210320;CHAPADINHA;152;423;36;423;463;82865;451;91;80705;
GO;520860;GOIANÉSIA;153;281;54;281;266;65113;294;106;72045;
GO;520450;CALDAS NOVAS;154;294;52;294;255;62470;389;115;95183;
RO;110002;ARIQUEMES;154;356;43;356;405;83780;537;88;111148;
SP;353070;MOGI GUAÇU;154;395;39;395;391;110091;548;101;154146;
RJ;330285;MESQUITA;154;505;30;359;505;127308;702;71;177016;
BA;291070;EUCLIDES DA CUNHA;155;244;64;244;218;56318;237;112;61112;
PE;261060;PAUDALHO;155;265;58;265;288;67742;244;92;57346;
SC;421010;MAFRA;155;304;51;232;304;72080;240;76;56825;
PI;220800;PICOS;155;385;40;279;385;86725;349;72;78627;
MG;314480;NOVA LIMA;155;425;36;283;425;92959;445;67;97378;
PR;412820;UNIÃO DA VITÓRIA;156;250;62;211;250;57315;254;84;58298;
SC;421130;NAVEGANTES;154;381;40;381;415;84848;419;92;85734;
GO;521523;NOVO GAMA;156;405;39;405;205;59155;414;198;119649;
SP;350320;ARARAQUARA;156;538;29;439;538;164546;786;82;240542;
AL;270770;RIO LARGO;157;442;36;442;482;89806;406;92;75662;
SP;350700;BOITUVA;158;216;73;216;152;43589;221;142;63310;
CE;230100;AQUIRAZ;158;365;43;365;329;83545;321;111;81581;
RS;432300;VIAMÃO;158;381;41;381;367;106823;883;104;257330;
GO;521310;MINEIROS;159;274;58;274;309;63043;341;89;69477;
PE;260280;BUÍQUE;159;279;57;279;215;50614;253;130;59448;
TO;170950;GURUPI;159;303;52;303;338;73006;409;90;88428;
AM;130210;JAPURÁ;16;101;16;44;101;4940;36;44;1755;
PI;220270;COCAL;16;107;15;107;126;27703;127;85;27901;
ES;320230;GUAÇUÍ;16;114;14;69;114;29246;122;61;31372;
PA;150790;SOURE;16;134;12;134;78;18626;108;172;25752;
AC;120030;FEIJÓ;16;145;11;145;125;16344;268;116;34986;
SC;421300;PINHEIRO PRETO;16;17;94;17;12;4386;10;142;3635;
PR;411720;NOVA OLÍMPIA;16;17;94;17;14;6605;12;121;5846;
MS;500510;JATEÍ;16;18;89;18;11;4319;10;164;4015;
RN;240850;OURO BRANCO;16;18;89;18;13;5305;12;138;4813;
PB;250535;DAMIÃO;16;18;89;18;14;5540;14;129;5409;
PR;412290;SALTO DO ITARARÉ;16;18;89;18;6;5361;5;300;4862;
MG;310163;ALFREDO VASCONCELOS;16;19;84;19;16;7989;14;119;7052;
SP;351920;IACRI;16;19;84;19;18;7077;16;106;6269;
PB;251330;SANTA HELENA;16;19;84;19;20;6795;17;95;5853;
PR;412320;SANTA CECÍLIA DO PAVÃO;16;20;80;20;11;4135;9;182;3253;
RO;110060;CACAULÂNDIA;16;20;80;20;12;4545;16;167;6307;
SC;420270;BOTUVERÁ;16;20;80;20;15;6591;12;133;5396;
PR;410347;CAFEZAL DO SUL;16;20;80;20;20;5251;15;100;3975;
MG;312070;CRUZEIRO DA FORTALEZA;16;20;80;20;23;5324;16;87;3651;
GO;521805;PORTEIRÃO;16;21;76;21;14;4941;11;150;3979;
MG;316300;SÃO JOSÉ DA SAFIRA;16;21;76;21;17;4634;16;124;4291;
SC;421490;RIO FORTUNA;16;21;76;21;20;5803;16;105;4630;
MG;314650;PAINS;16;21;76;21;21;8589;20;100;8308;
MG;310410;ARCEBURGO;16;22;73;22;18;9661;20;122;10990;
SP;354540;SALTO GRANDE;16;22;73;22;19;7533;24;116;9396;
PR;410020;ADRIANÓPOLIS;16;23;70;23;14;6859;12;164;5797;
SP;353270;NIPOÃ;16;23;70;23;15;5800;14;153;5381;
PI;220209;CALDEIRÃO GRANDE DO PIAUÍ;16;23;70;23;15;6277;14;153;5786;
MG;312030;CRISTÁLIA;16;23;70;23;16;5715;17;144;5992;
MT;510420;GUIRATINGA;16;23;70;23;17;10335;26;135;15740;
PI;220275;COLÔNIA DO GURGUÉIA;16;23;70;23;17;7044;16;135;6545;
MG;312750;GONZAGA;16;23;70;23;18;6117;18;128;6184;
BA;291860;JUSSIAPE;16;23;70;23;22;8111;16;105;5777;
PR;410395;CAMPINA DO SIMÃO;16;23;70;23;23;4905;18;100;3831;
PR;410870;GRANDES RIOS;16;23;70;23;25;6062;22;92;5379;
TO;171855;RIACHINHO;16;24;67;24;14;4735;14;171;4723;
SP;350730;BORACÉIA;16;24;67;24;15;5261;14;160;4913;
SP;353680;PEDRA BELA;16;24;67;24;21;6192;21;114;6127;
RS;431280;NOVA ARAÇÁ;16;24;67;24;22;6218;17;109;4890;
RS;430605;CRISTAL;16;24;67;24;23;8845;21;104;8121;
SP;350930;CAJOBI;16;24;67;24;24;10123;25;100;10649;
RN;240740;MARTINS;16;25;64;21;25;9648;23;84;8790;
TO;171665;PEQUIZEIRO;16;25;64;25;11;4564;13;227;5546;
PR;410090;AMAPORÃ;16;25;64;25;15;5455;18;167;6405;
MG;316440;SÃO SEBASTIÃO DA BELA VISTA;16;25;64;25;17;7706;12;147;5598;
RO;110120;MINISTRO ANDREAZZA;16;25;64;25;19;7956;23;132;9461;
SP;350540;BARRA DO TURVO;16;25;64;25;20;7706;20;125;7606;
PR;410304;BOA VENTURA DE SÃO ROQUE;16;25;64;25;21;7010;19;119;6343;
MG;315935;SANTA RITA DE MINAS;16;25;64;25;23;7298;23;109;7322;
SP;353610;PARDINHO;16;25;64;25;25;7811;21;100;6579;
MT;510600;NORTELÂNDIA;16;26;62;26;20;6179;19;130;5858;
PI;220005;ACAUÃ;16;26;62;26;25;6832;26;104;7119;
PB;251490;SÃO MAMEDE;16;26;62;26;27;9070;23;96;7682;
MG;312320;DORES DO INDAIÁ;16;27;59;20;27;14073;26;74;13373;
SP;353900;PIRANGI;16;27;59;22;27;12547;25;81;11524;
MG;314585;ORATÓRIOS;16;27;59;27;11;5865;9;245;4671;
PI;220553;JUREMA;16;27;59;27;18;5880;15;150;4790;
CE;231350;TRAIRI;157;329;48;329;223;54107;233;148;56653;
BA;290840;CONCEIÇÃO DO COITÉ;158;254;62;254;277;59121;316;92;67394;
PI;220155;BELA VISTA DO PIAUÍ;16;23;70;23;11;4449;10;209;4044;
RN;241330;SERRA DE SÃO BENTO;16;23;70;23;20;6033;19;115;5739;
MS;500625;NOVO HORIZONTE DO SUL;16;23;70;23;23;5470;15;100;3556;
SP;351690;GENERAL SALGADO;16;24;67;24;26;11668;24;92;10855;
RS;431610;RONDA ALTA;16;25;64;25;27;8538;34;93;10633;
PR;410845;FOZ DO JORDÃO;16;27;59;27;19;5780;15;142;4466;
PI;220025;ALAGOINHA DO PIAUÍ;16;27;59;27;19;7324;20;142;7678;
MG;312220;DIVINOLÂNDIA DE MINAS;16;27;59;27;21;8153;20;129;7655;
MG;316570;SENADOR FIRMINO;16;27;59;27;27;9392;23;100;7902;
PR;411535;MARIPÁ;16;28;57;23;28;7372;21;82;5562;
SC;420330;CAMPO ALEGRE;16;28;57;28;22;7268;36;127;11985;
PB;250990;NATUBA;16;28;57;28;22;9399;25;127;10449;
SP;350510;BARBOSA;16;28;57;28;24;7709;23;117;7532;
PR;411345;LINDOESTE;16;28;57;28;26;6025;19;108;4488;
SP;351790;GUARACI;16;28;57;28;29;10587;31;97;11382;
SP;354805;SANTO ANTÔNIO DO ARACANGUÁ;16;29;55;22;29;8582;29;76;8541;
GO;520150;APORÉ;16;29;55;29;15;3858;17;193;4266;
MG;311920;COROACI;16;29;55;29;15;9819;15;193;9897;
RS;431550;RESTINGA SECA;16;29;55;29;18;7262;38;161;15702;
MT;510345;DENISE;16;29;55;29;19;7147;25;153;9626;
GO;520480;CAMPO ALEGRE DE GOIÁS;16;29;55;29;19;7344;20;153;7884;
RS;430905;GLORINHA;16;29;55;29;23;8160;23;126;8304;
PR;411275;JESUÍTAS;16;29;55;29;31;9841;26;94;8251;
MG;313535;JAPONVAR;16;29;55;29;33;8471;31;88;7991;
MT;510777;SANTA TEREZINHA;16;30;53;30;17;5802;25;176;8547;
CE;230150;ARNEIROZ;16;31;52;31;21;7369;22;148;7848;
BA;290195;APUAREMA;16;32;50;32;27;8237;24;119;7274;
PB;250820;LAGOA DE DENTRO;16;32;50;32;30;8585;27;107;7754;
BA;290755;CATURAMA;16;33;48;33;16;7356;20;206;9303;
MT;510724;SANTA CARMEM;16;33;48;33;29;5990;22;114;4600;
MG;310210;ALTO RIO DOCE;16;34;47;34;31;12297;27;110;10723;
PR;412270;SABÁUDIA;16;35;46;28;35;9261;26;80;6954;
SP;355000;SÃO LUÍS DO PARAITINGA;16;35;46;35;31;11800;28;113;10693;
MG;316500;SÃO TIAGO;16;37;43;37;34;12162;31;109;10979;
MG;313550;JEQUERI;16;37;43;37;37;13736;33;100;12246;
MG;314050;MARTINHO CAMPOS;16;37;43;37;38;15510;33;97;13497;
PR;410750;ENGENHEIRO BELTRÃO;16;38;42;26;38;13584;39;68;13962;
BA;292540;POTIRAGUÁ;16;38;42;38;42;9517;29;90;6623;
SC;420640;GUARACIABA;16;39;41;23;39;12207;32;59;9964;
AL;270540;MONTEIRÓPOLIS;16;39;41;39;34;8341;29;115;7171;
ES;320070;ATILIO VIVACQUA;16;41;39;41;34;12329;34;121;12270;
GO;520440;CAIAPÔNIA;16;42;38;35;42;13790;59;83;19304;
BA;291910;LAMARÃO;16;42;38;42;19;8239;19;221;8078;
RN;241460;UPANEMA;16;49;33;49;37;12638;44;132;14937;
PE;260480;CORTÊS;16;50;32;50;50;12598;50;100;12543;
SP;353860;PIRACAIA;16;59;27;36;59;17638;93;61;27617;
SP;351240;CORDEIRÓPOLIS;16;72;22;56;72;21416;85;78;25116;
MA;211245;TURILÂNDIA;16;74;22;56;74;19794;98;76;26112;
MG;310150;ALÉM PARAÍBA;16;84;19;66;84;26268;113;79;35438;
CE;230470;GRANJA;160;283;57;283;237;57530;227;119;55170;
MG;314710;PARÁ DE MINAS;160;328;49;328;317;86956;349;103;95616;
GO;520880;GOIANIRA;160;465;34;286;465;71669;300;62;46278;
PE;261390;SERRA TALHADA;160;482;33;358;482;92217;457;74;87467;
MG;317020;UBERLÂNDIA;1603;2861;56;2225;2861;670888;3013;78;706597;
SE;280670;SÃO CRISTÓVÃO;161;344;47;344;343;78686;402;100;92090;
SP;355540;UBATUBA;161;370;44;370;376;94504;369;98;92819;
PE;260720;IPOJUCA;161;372;43;372;411;75010;543;91;99101;
CE;230870;MORADA NOVA;162;240;68;240;239;64453;228;100;61590;
SC;421930;VIDEIRA;164;221;74;221;182;44504;221;121;54145;
PR;412625;SARANDI;164;358;46;358;376;74884;497;95;98888;
CE;230970;PACATUBA;165;318;52;318;253;73717;294;126;85647;
SP;351870;GUARUJÁ;165;700;24;554;700;185660;1225;79;324977;
MT;510267;CAMPO VERDE;166;247;67;247;252;50887;218;98;44033;
SC;421870;TUBARÃO;166;399;42;281;399;107090;399;70;107143;
AL;270915;TEOTÔNIO VILELA;167;214;78;214;196;45958;190;109;44570;
RS;432250;VACARIA;167;245;68;245;254;59373;286;96;66916;
BA;291170;GUANAMBI;169;279;61;279;321;72400;378;87;85353;
MT;510704;PRIMAVERA DO LESTE;169;445;38;349;445;69132;411;78;63876;
PB;251370;SANTA RITA;169;672;25;539;672;126330;735;80;138093;
PA;150495;NOVA ESPERANÇA DO PIRIÁ;17;104;16;104;77;15704;106;135;21519;
SP;352520;JARINU;17;105;16;84;105;27556;119;80;31173;
PA;150195;CACHOEIRA DO PIRIÁ;17;115;15;115;47;18083;92;245;35307;
AP;160040;MAZAGÃO;17;139;12;139;102;16694;137;136;22468;
PB;250057;ALGODÃO DE JANDAÍRA;17;19;89;19;16;3206;13;119;2588;
SP;351600;FLÓRIDA PAULISTA;17;20;85;20;14;6976;30;143;14936;
MT;510336;CONQUISTA D'OESTE;17;20;85;20;19;4382;18;105;4163;
SC;420310;CAIBI;17;20;85;20;21;7129;18;95;6112;
MG;314655;PAI PEDRO;17;21;81;21;16;6017;16;131;6098;
RS;431415;PAVERAMA;17;21;81;21;16;8730;16;131;8541;
RS;431115;JÓIA;17;21;81;21;17;8210;18;124;8571;
MG;314505;NOVA PORTEIRINHA;17;21;81;21;22;7573;22;95;7493;
MG;312140;DESTERRO DE ENTRE RIOS;17;22;77;22;15;8919;12;147;7266;
PR;411470;MARIA HELENA;17;22;77;22;17;6262;15;129;5593;
RN;241100;RODOLFO FERNANDES;17;22;77;22;18;5441;15;122;4457;
MG;316920;TOMBOS;17;22;77;22;25;9609;20;88;7683;
RS;431630;ROQUE GONZALES;17;23;74;23;13;7477;12;177;6750;
MA;210040;ALTAMIRA DO MARANHÃO;17;23;74;23;18;6631;22;128;8250;
MG;311650;CLARO DOS POÇÕES;17;23;74;23;18;7637;18;128;7478;
BA;292940;SÃO MIGUEL DAS MATAS;17;23;74;23;24;10952;26;96;11733;
SP;353510;PALMARES PAULISTA;17;24;71;20;24;9925;33;83;13691;
SP;351660;GÁLIA;17;24;71;24;16;7330;14;150;6419;
PR;412540;SÃO JOSÉ DA BOA VISTA;17;24;71;24;21;6660;19;114;6115;
SP;351070;CARDOSO;17;24;71;24;26;12051;27;92;12371;
SP;354710;SANTA MERCEDES;17;24;71;24;8;3868;6;300;2947;
RS;430030;ALECRIM;17;24;71;24;9;7236;7;267;5710;
MG;314210;MIRADOURO;17;25;68;25;17;9709;19;147;10818;
PI;220910;SANTA CRUZ DO PIAUÍ;17;25;68;25;19;6482;18;132;6254;
MG;310530;BANDEIRA DO SUL;17;25;68;25;20;6671;17;125;5808;
MG;316257;SÃO JOÃO DO MANTENINHA;17;25;68;25;23;6600;21;109;5975;
PB;251420;SÃO JOSÉ DA LAGOA TAPADA;17;25;68;25;25;8417;23;100;7622;
RN;240010;ACARI;17;25;68;25;26;12055;24;96;11106;
PR;412000;PORECATU;17;25;68;25;27;11788;29;93;12587;
PI;220965;SÃO FRANCISCO DE ASSIS DO PIAUÍ;17;26;65;26;18;6372;16;144;5801;
SP;355690;VISTA ALEGRE DO ALTO;17;27;63;27;16;6865;22;169;9163;
MG;313410;ITUETA;17;27;63;27;16;6975;14;169;6074;
PR;410975;IBEMA;17;27;63;27;20;6090;21;135;6387;
PB;250053;ALCANTIL;17;27;63;27;24;6390;21;113;5527;
MG;312707;FRUTA DE LEITE;17;28;61;28;12;5219;12;233;5232;
MG;314537;NOVORIZONTE;17;28;61;28;14;5410;14;200;5348;
SP;350715;BOM SUCESSO DE ITARARÉ;17;28;61;28;16;4446;14;175;4013;
PB;251593;SERTÃOZINHO;17;28;61;28;17;5599;16;165;5152;
SP;352880;MARACAÍ;17;28;61;28;23;7210;44;122;14069;
PB;251580;SERRA REDONDA;17;28;61;28;25;7937;22;112;7001;
RS;431380;PALMITINHO;17;28;61;28;26;7993;23;108;7056;
PE;261510;TEREZINHA;17;28;61;28;30;9400;23;93;7227;
TO;171380;PALMEIRAS DO TOCANTINS;17;29;59;29;12;5240;16;242;6830;
MG;311350;CARBONITA;17;29;59;29;21;9505;21;138;9423;
GO;520500;CARMO DO RIO VERDE;17;29;59;29;21;9903;22;138;10299;
PB;250740;JERICÓ;17;29;59;29;23;8537;21;126;7751;
SC;420870;JACINTO MACHADO;17;29;59;29;29;10782;28;100;10337;
RS;431590;RODEIO BONITO;17;30;57;30;32;7516;25;94;5868;
SP;353500;PALESTINA;17;31;55;20;31;12048;34;65;13285;
AL;270080;BELÉM;17;31;55;23;31;6050;22;74;4226;
SP;350945;CAMPINA DO MONTE ALEGRE;17;31;55;31;16;7710;13;194;6088;
GO;522068;SIMOLÂNDIA;17;31;55;31;17;5717;21;182;6895;
SP;355660;VERA CRUZ;17;31;55;31;20;8327;26;155;10804;
BA;293000;SEBASTIÃO LARANJEIRAS;17;31;55;31;21;9192;26;148;11586;
SP;353120;MONTE ALEGRE DO SUL;17;31;55;31;21;9342;18;148;8181;
PR;411500;MARILENA;17;31;55;31;24;8650;20;129;7093;
PI;220480;IPIRANGA DO PIAUÍ;17;31;55;31;27;9569;28;115;9863;
BA;291130;GENTIO DO OURO;17;32;53;25;32;11296;32;78;11284;
PB;251040;OLHO D'ÁGUA;17;32;53;32;26;6367;26;123;6399;
PI;220667;MORRO DO CHAPÉU DO PIAUÍ;17;32;53;32;27;8123;23;119;6825;
ES;320260;ICONHA;17;33;52;27;33;12729;37;82;14083;
TO;170330;BOM JESUS DO TOCANTINS;17;33;52;33;14;5061;14;236;5120;
MS;500525;LAGUNA CARAPÃ;17;33;52;33;22;7330;22;150;7496;
SP;352380;ITOBI;17;33;52;33;23;8156;22;143;7862;
SC;420190;AURORA;16;28;57;28;30;7419;23;93;5687;
RS;430520;CERRO LARGO;16;31;52;25;31;14236;31;81;14243;
CE;231410;VIÇOSA DO CEARÁ;166;295;56;295;251;57699;269;118;61916;
SP;351290;COSMORAMA;17;24;71;24;24;8483;21;100;7289;
RO;110029;SANTA LUZIA D'OESTE;17;31;55;22;31;9306;20;71;5942;
SE;280510;PEDRINHAS;17;33;52;33;26;9336;27;127;9727;
MG;312700;FRONTEIRA;17;33;52;33;27;15845;32;122;18866;
MG;316180;SÃO GONÇALO DO PARÁ;17;33;52;33;30;12649;30;110;12776;
BA;293210;UBAÍRA;17;34;50;28;34;11216;61;82;19860;
MG;316030;SANTO ANTÔNIO DO JACINTO;17;34;50;34;30;11457;30;113;11570;
RS;430600;CRISSIUMAL;17;34;50;34;36;14153;34;94;13269;
MA;210975;SANTA FILOMENA DO MARANHÃO;17;35;49;35;16;6194;20;219;7878;
MA;210055;AMAPÁ DO MARANHÃO;17;35;49;35;33;7864;30;106;7047;
SP;355635;VARGEM;17;36;47;26;36;11397;34;72;10842;
BA;292273;NOVA FÁTIMA;17;36;47;36;17;8296;16;212;7830;
MG;312960;IBIAÍ;17;36;47;36;18;7759;20;200;8478;
MG;310280;ANDRELÂNDIA;17;36;47;36;41;13826;36;88;12189;
RS;430235;BOM PRINCÍPIO;17;36;47;36;42;14647;41;86;14446;
PB;250540;DESTERRO;17;37;46;28;37;9952;31;76;8332;
BA;291930;LENÇÓIS;17;37;46;37;29;9918;34;128;11586;
MG;310460;ASTOLFO DUTRA;17;37;46;37;32;14911;31;116;14358;
GO;522119;TEREZÓPOLIS DE GOIÁS;17;37;46;37;33;9415;29;112;8326;
MG;313020;IGARATINGA;17;37;46;37;39;12056;36;95;11146;
AL;270820;SÃO BRÁS;17;38;45;38;25;7271;24;152;6977;
SP;352450;JACI;17;39;44;30;39;9591;30;77;7322;
GO;522170;URUANA;17;39;44;39;41;15188;37;95;13795;
SP;353720;PEDRO DE TOLEDO;17;40;43;40;22;9994;25;182;11507;
MG;310290;ANTÔNIO CARLOS;17;40;43;40;28;12565;26;143;11471;
MT;510452;IPIRANGA DO NORTE;17;40;43;40;28;8235;28;143;8182;
BA;292000;MAIQUINIQUE;17;41;41;41;15;6531;23;273;10294;
BA;291875;LAGOA REAL;17;42;40;42;29;12756;36;145;15870;
SP;353850;PIQUETE;17;42;40;42;32;11915;36;131;13495;
AM;130395;SÃO SEBASTIÃO DO UATUMÃ;17;43;40;43;25;7392;49;172;14678;
MG;317000;UBAÍ;17;43;40;43;33;10937;38;130;12661;
RS;430750;ESPUMOSO;17;44;39;44;45;14644;48;98;15594;
MG;311090;CAMPANHA;17;44;39;44;45;15661;48;98;16855;
MS;500580;NIOAQUE;17;45;38;45;38;10068;52;118;13794;
MA;210110;AXIXÁ;17;45;38;45;47;12773;45;96;12234;
MG;313980;MAR DE ESPANHA;17;46;37;46;45;13521;43;102;12985;
BA;290265;BANZAÊ;17;50;34;35;50;13559;49;70;13251;
PA;150796;TERRA ALTA;17;50;34;50;43;10836;48;116;11971;
PB;250140;BAÍA DA TRAIÇÃO;17;51;33;51;54;10270;48;94;9197;
PA;150610;PRIMAVERA;17;53;32;53;59;12397;52;90;10889;
BA;290170;ANTÔNIO CARDOSO;17;56;30;56;23;11005;24;243;11670;
PA;150276;CUMARU DO NORTE;17;56;30;56;43;11273;53;130;14044;
MG;311300;CARAÍ;17;56;30;56;50;18352;65;112;23872;
BA;292090;MASCOTE;17;57;30;57;37;12155;41;154;13619;
MA;210547;JENIPAPO DOS VIEIRAS;17;62;27;48;62;10490;101;77;17123;
MA;210890;POÇÃO DE PEDRAS;17;63;27;51;63;16496;66;81;17321;
MG;314015;MÁRIO CAMPOS;17;64;27;47;64;16960;60;73;15814;
GO;520840;GOIANÁPOLIS;17;71;24;45;71;14782;54;63;11217;
MG;310110;AIMORÉS;17;78;22;78;83;24636;85;94;25116;
BA;292160;MORPARÁ;17;40;43;40;29;8370;29;138;8476;
PB;251160;PILÕES;17;42;40;33;42;8052;34;79;6518;
AL;270560;NOVO LINO;17;47;36;47;31;10378;38;152;12837;
MA;210845;PERITORÓ;17;99;17;99;77;18039;100;129;23530;
CE;230760;LIMOEIRO DO NORTE;170;219;78;219;220;58685;226;100;60232;
SC;420700;IÇARA;170;241;71;241;234;63729;213;103;58055;
PE;260620;GOIANA;170;337;50;337;351;82789;341;96;80345;
PE;260680;IGARASSU;170;439;39;439;376;94358;477;117;119690;
SP;354260;REGISTRO;171;219;78;219;255;61681;233;86;56463;
SC;421580;SÃO BENTO DO SUL;171;277;62;277;216;63546;293;128;86317;
SP;351110;CATANDUVA;171;326;52;259;326;100063;401;79;123114;
SP;355070;SÃO SEBASTIÃO;171;361;47;361;365;93420;358;99;91637;
MA;210160;BARRA DO CORDA;171;401;43;401;416;74628;495;96;88895;
SC;420140;ARARANGUÁ;172;237;73;237;247;64401;267;96;69493;
MA;210480;GRAJAÚ;172;410;42;410;448;64799;489;92;70692;
MG;313510;JANAÚBA;173;335;52;280;335;74448;326;84;72374;
SP;352310;ITAQUAQUECETUBA;173;763;23;763;404;86519;1768;189;379082;
CE;230250;BREJO SANTO;175;246;71;246;247;51433;241;100;50195;
PE;260990;OURICURI;175;305;57;305;296;63240;330;103;70466;
MA;210232;BURITICUPU;175;348;50;348;292;54518;394;119;73595;
RJ;330040;BARRA MANSA;175;385;45;385;446;160174;516;86;185237;
AM;130250;MANACAPURU;175;576;30;576;545;88739;612;106;99613;
GO;522185;VALPARAÍSO DE GOIÁS;175;612;29;612;543;119250;800;113;175720;
AL;270800;SANTANA DO IPANEMA;177;264;67;264;247;46853;253;107;47910;
AL;270230;CORURIPE;177;280;63;280;250;58158;248;112;57647;
CE;230260;CAMOCIM;177;301;59;301;306;63186;311;98;64147;
AM;130190;ITACOATIARA;177;489;36;489;533;91663;605;92;104046;
SC;420590;GASPAR;178;286;62;286;284;77934;262;101;71925;
RS;431990;SAPIRANGA;178;409;44;409;288;68081;341;142;80514;
RJ;330010;ANGRA DOS REIS;178;465;38;465;408;121458;706;114;210171;
AM;130350;PAUINI;18;110;16;110;63;11082;112;175;19616;
SP;355640;VARGEM GRANDE DO SUL;18;118;15;43;118;37318;137;36;43368;
PA;150110;BAGRE;18;149;12;149;73;14604;159;204;31967;
PA;150275;CONCÓRDIA DO PARÁ;18;152;12;152;85;18401;158;179;34236;
PB;250660;IBIARA;18;18;100;18;17;6210;16;106;5877;
SC;420090;ANGELINA;18;19;95;19;15;5664;12;127;4686;
MG;311460;CARRANCAS;18;20;90;20;7;5005;6;286;4052;
PR;412382;SANTA LÚCIA;18;20;90;20;9;4348;8;222;3795;
MG;315310;PRESIDENTE BERNARDES;18;22;82;22;10;5631;9;220;5315;
PR;410300;BOA ESPERANÇA;18;22;82;22;20;5206;15;110;3991;
PB;251020;NOVA OLINDA;18;22;82;22;20;6914;17;110;5892;
RS;431675;SANTA CLARA DO SUL;18;22;82;22;20;8067;17;110;6755;
SC;421080;MELEIRO;18;22;82;22;25;7972;22;88;6989;
SP;353990;POLONI;18;23;78;23;17;6542;16;135;6166;
MG;313868;LUISLÂNDIA;18;23;78;23;17;6622;17;135;6735;
SP;350190;AMPARO;18;236;8;36;236;67326;256;15;73145;
TO;170386;CARIRI DO TOCANTINS;18;24;75;24;14;4575;14;171;4499;
PI;220557;LAGOA DE SÃO FRANCISCO;18;24;75;24;20;6646;20;120;6795;
TO;171250;MARIANÓPOLIS DO TOCANTINS;18;25;72;25;17;5046;18;147;5332;
AL;270660;PAULO JACINTO;18;25;72;25;18;7952;17;139;7556;
SP;354790;SANTO ANTÔNIO DA ALEGRIA;18;25;72;25;21;8578;17;119;7024;
SC;421840;TREZE DE MAIO;18;25;72;25;25;8421;21;100;7104;
BA;292470;PIRIPÁ;18;25;72;25;26;10199;26;96;10253;
SC;421810;TIMBÉ DO SUL;18;26;69;26;12;5322;12;217;5338;
AP;160005;SERRA DO NAVIO;18;26;69;26;15;5340;16;173;5577;
RS;432195;TRINDADE DO SUL;18;26;69;26;22;7405;17;118;5781;
TO;170720;DOIS IRMÃOS DO TOCANTINS;18;27;67;27;14;6988;14;193;7173;
SP;351535;EUCLIDES DA CUNHA PAULISTA;18;27;67;27;26;8679;28;104;9280;
SP;352860;MANDURI;18;27;67;27;28;9756;29;96;9972;
PI;220211;CAMPO ALEGRE DO FIDALGO;18;28;64;28;15;5573;14;187;5093;
MG;315660;RUBIM;18;28;64;28;19;9088;22;147;10269;
SC;420770;IPUMIRIM;18;28;64;28;22;8121;21;127;7647;
PI;220435;GEMINIANO;18;28;64;28;25;6124;22;112;5477;
MG;311780;CONCEIÇÃO DOS OUROS;18;29;62;29;33;11754;33;88;11852;
MG;311290;CAPUTIRA;18;29;62;29;34;10166;31;85;9318;
PI;221135;VÁRZEA BRANCA;18;30;60;30;11;5855;9;273;4930;
TO;172030;SÃO SEBASTIÃO DO TOCANTINS;18;30;60;30;17;4499;18;176;4898;
PI;220170;BERTOLÍNIA;18;30;60;30;18;5832;17;167;5512;
SP;351320;CRISTAIS PAULISTA;18;30;60;30;27;8656;27;111;8803;
RS;431080;IVOTI;18;31;58;24;31;11260;69;77;25068;
BA;293310;VÁRZEA DO POÇO;18;31;58;31;16;8075;18;194;9247;
SP;350480;BÁLSAMO;18;31;58;31;26;11453;21;119;9209;
GO;522050;SERRANÓPOLIS;18;32;56;32;18;7587;21;178;8737;
SC;421460;RIO DO OESTE;18;32;56;32;19;7702;19;168;7552;
MA;210462;GOVERNADOR LUIZ ROCHA;18;32;56;32;23;6897;26;139;7878;
BA;293325;VEREDA;18;33;55;33;18;6955;16;183;6105;
RN;241090;RIACHUELO;18;33;55;33;19;8039;20;174;8310;
SP;355550;UBIRAJARA;18;33;55;33;26;6633;19;127;4828;
MA;210592;LAGOA DO MATO;18;33;55;33;32;12253;29;103;11280;
SC;420440;CORONEL FREITAS;18;33;55;33;34;10619;32;97;9900;
PB;250180;BAYEUX;18;335;5;270;335;81591;400;81;97519;
MT;510735;SÃO JOSÉ DO XINGU;18;34;53;34;18;6889;15;189;5646;
ES;320495;SÃO ROQUE DO CANAÃ;18;34;53;34;25;12338;26;136;12602;
BA;290180;ANTÔNIO GONÇALVES;18;34;53;34;38;10575;43;89;11955;
GO;521980;SÃO DOMINGOS;18;35;51;35;17;9018;25;206;13305;
SC;421610;SÃO DOMINGOS;18;36;50;29;36;10108;34;81;9422;
BA;292465;PINTADAS;18;36;50;36;22;9688;23;164;10353;
PI;220300;CRISTALÂNDIA DO PIAUÍ;18;36;50;36;24;7198;28;150;8350;
TO;170770;FILADÉLFIA;18;36;50;36;26;8067;29;138;8892;
BA;290230;ARATUÍPE;18;37;49;37;29;9198;28;128;8848;
RN;241390;TAIPU;18;37;49;37;31;11999;32;119;12314;
MT;510520;JUSCIMEIRA;18;37;49;37;32;10030;36;116;11124;
AL;270590;OLHO D'ÁGUA GRANDE;18;38;47;38;25;5449;24;152;5133;
MG;310285;ANGELÂNDIA;18;38;47;38;27;8561;27;141;8594;
SC;421265;PESCARIA BRAVA;18;38;47;38;27;9578;29;141;10225;
MG;310060;ÁGUA BOA;18;38;47;38;39;11405;46;97;13319;
MG;316420;SÃO ROMÃO;18;39;46;39;14;7879;22;279;12713;
RJ;330115;CARDOSO MOREIRA;18;39;46;39;31;12283;32;126;12818;
MG;310430;AREADO;18;39;46;39;37;14540;39;105;15288;
PI;220160;BENEDITINOS;18;40;45;40;31;11159;29;129;10479;
MG;315570;RIO PIRACICABA;18;40;45;40;36;11108;46;111;14325;
SP;354490;SALES OLIVEIRA;18;29;62;29;32;12140;32;91;12103;
ES;320440;RIO NOVO DO SUL;18;41;44;29;41;12344;39;71;11630;
PI;220555;LAGOA ALEGRE;18;43;42;43;27;8060;29;159;8610;
BA;291300;IBITIARA;18;45;40;45;41;15171;44;110;16463;
RS;431820;SÃO FRANCISCO DE PAULA;18;46;39;35;46;18103;56;76;21871;
BA;291590;ITANAGRA;18;47;38;47;19;6613;18;247;6433;
SP;355720;CHAVANTES;18;47;38;47;34;9926;43;138;12418;
SP;352350;ITATINGA;18;47;38;47;50;14833;71;94;21139;
RS;431940;SÃO PEDRO DO SUL;18;50;36;38;50;18658;43;76;16100;
SP;355270;TABATINGA;18;51;35;51;41;13011;53;124;16787;
PI;220540;JOAQUIM PIRES;18;52;35;52;58;14483;58;90;14396;
PB;250350;CACIMBA DE DENTRO;18;54;33;54;54;16938;55;100;17169;
AM;130165;GUAJARÁ;18;59;31;59;47;10708;76;126;17193;
BA;290682;CANUDOS;18;62;29;62;52;12869;68;119;16832;
MA;211200;TASSO FRAGOSO;18;64;28;64;41;9960;36;156;8642;
PA;150340;INHANGAPI;18;69;26;69;42;11447;44;164;12009;
BA;290405;BONITO;18;72;25;72;62;14749;71;116;16999;
RS;431850;SÃO JOSÉ DO NORTE;18;75;24;75;50;19302;72;150;27866;
RS;431337;NOVA SANTA RITA;18;79;23;66;79;20428;118;84;30482;
MA;210735;NOVA OLINDA DO MARANHÃO;18;82;22;82;66;17975;78;124;21228;
SP;355210;SOCORRO;18;83;22;83;93;39929;97;89;41690;
MA;210825;PEDRO DO ROSÁRIO;18;97;19;97;76;18821;103;128;25560;
PA;150440;MARAPANIM;18;99;18;99;58;18654;89;171;28563;
RS;431870;SÃO LEOPOLDO;181;452;40;452;264;79371;800;171;240378;
GO;521190;JATAÍ;182;337;54;337;296;65330;467;114;103221;
SC;420750;INDAIAL;183;251;73;251;245;65050;272;102;72346;
RS;431020;IJUÍ;183;319;57;260;319;85866;312;82;84041;
GO;520620;CRISTALINA;183;323;57;323;285;63807;274;113;61385;
RS;431680;SANTA CRUZ DO SUL;183;358;51;266;358;102877;460;74;132271;
CE;231180;RUSSAS;184;291;63;291;268;70261;303;109;79550;
PR;412710;TELÊMACO BORBA;184;330;56;330;345;85593;325;96;80588;
MA;210130;BACURI;18;65;28;65;58;16053;68;112;18726;
RS;430463;CAPÃO DA CANOA;185;301;61;301;210;45628;253;143;55009;
BA;290070;ALAGOINHAS;185;498;37;498;528;118654;681;94;153023;
PA;150170;BRAGANÇA;185;577;32;464;577;111565;673;80;130122;
PE;260120;ARCOVERDE;186;286;65;286;314;77347;306;91;75295;
BA;290390;BOM JESUS DA LAPA;186;305;61;305;336;71114;331;91;70151;
CE;230350;CASCAVEL;186;307;61;307;327;73323;324;94;72706;
RS;431140;LAJEADO;186;350;53;255;350;82959;363;73;86005;
GO;522140;TRINDADE;187;463;40;463;476;99220;633;97;132006;
SC;420300;CAÇADOR;188;309;61;309;321;71699;358;96;80017;
BA;291460;IRECÊ;188;418;45;322;418;80771;383;77;74050;
BA;291072;EUNÁPOLIS;188;488;39;488;486;95751;585;100;115360;
CE;231240;SÃO GONÇALO DO AMARANTE;189;299;63;299;349;65103;264;86;49306;
GO;520510;CATALÃO;189;334;57;334;254;64487;445;131;113091;
MA;210030;ALDEIAS ALTAS;19;107;18;107;111;23342;128;96;26979;
AC;120045;SENADOR GUIOMARD;19;107;18;107;87;18248;112;123;23446;
RJ;330500;SÃO JOÃO DA BARRA;19;179;11;125;179;41326;159;70;36731;
RO;110010;GUAJARÁ-MIRIM;19;198;10;101;198;37718;246;51;46930;
RN;241300;SÃO VICENTE;19;20;95;20;15;6153;16;133;6476;
SC;421227;PASSOS MAIA;19;20;95;20;17;4413;16;118;4072;
MG;317065;VARGEM GRANDE DO RIO PARDO;19;21;90;21;19;5253;18;111;5045;
SP;355580;URÂNIA;19;21;90;21;23;9963;21;91;9125;
MG;310160;ALFENAS;19;217;9;129;217;57949;303;59;80973;
SP;351519;ESPÍRITO SANTO DO TURVO;19;22;86;22;13;4970;13;169;4926;
PR;412033;PRADO FERREIRA;19;22;86;22;15;4758;12;147;3806;
BA;290900;CORDEIROS;19;22;86;22;16;8728;16;138;8667;
PR;412030;PORTO VITÓRIA;19;22;86;22;8;3637;9;275;4057;
MG;312695;FREI LAGONEGRO;19;22;86;22;9;3970;8;244;3496;
SC;421140;NOVA ERECHIM;19;23;83;23;13;5653;12;177;5163;
PR;412460;SÃO CARLOS DO IVAÍ;19;24;79;24;17;6619;18;141;6961;
SC;420030;AGRONÔMICA;19;24;79;24;18;6634;15;133;5570;
SP;351700;GETULINA;19;24;79;24;22;9308;27;109;11485;
SP;351810;GUARANTÃ;19;25;76;25;19;6916;18;132;6685;
PR;410820;FORMOSA DO OESTE;19;25;76;25;22;6197;23;114;6345;
CE;230990;PACUJÁ;19;25;76;25;22;6752;21;114;6565;
PI;220255;CARIDADE DO PIAUÍ;19;26;73;26;16;5279;15;163;5102;
PR;410490;CASTRO;189;412;46;291;412;81874;363;71;72125;
PA;150295;ELDORADO DOS CARAJÁS;19;163;12;163;70;19499;122;233;34069;
SP;353660;PAULO DE FARIA;19;25;76;25;16;8010;18;156;8973;
PB;251110;PEDRA LAVRADA;19;25;76;25;20;7269;22;125;7954;
SP;351190;CLEMENTINA;19;26;73;26;17;7448;20;153;8894;
MG;316910;TOLEDO;19;26;73;26;17;7775;14;153;6336;
MG;315290;PRATÁPOLIS;19;26;73;26;17;9018;16;153;8530;
GO;520830;DIVINÓPOLIS DE GOIÁS;19;26;73;26;18;5352;16;144;4701;
AL;270190;CHÃ PRETA;19;26;73;26;23;7549;22;113;7311;
PB;250077;APARECIDA;19;26;73;26;23;8850;22;113;8482;
BA;291200;IBIASSUCÊ;19;26;73;26;25;10866;20;104;8849;
SP;355230;SUD MENNUCCI;19;26;73;26;25;9162;21;104;7738;
RS;430200;BARROS CASSAL;19;27;70;27;27;9886;30;100;11167;
PR;411920;PINHALÃO;19;27;70;27;30;7599;25;90;6323;
RN;240320;DOUTOR SEVERIANO;19;27;70;27;30;7774;27;90;7068;
RS;430693;ENTRE-IJUÍS;19;28;68;23;28;10181;23;82;8350;
MG;316510;SÃO TOMÁS DE AQUINO;19;28;68;28;19;7873;17;147;6980;
PB;251640;TACIMA;19;28;68;28;20;9250;24;140;11024;
PB;250170;BARRA DE SÃO MIGUEL;19;28;68;28;24;7352;20;117;6095;
SC;421640;SÃO JOÃO DO SUL;19;28;68;28;30;9082;24;93;7332;
PB;251360;SANTANA DOS GARROTES;19;29;66;29;21;7383;20;138;6942;
RN;241290;SÃO TOMÉ;19;29;66;29;28;11075;28;104;11051;
SP;354200;QUINTANA;19;29;66;29;28;7952;24;104;6736;
SC;421920;VIDAL RAMOS;19;30;63;30;23;6678;22;130;6321;
SC;420060;ÁGUAS MORNAS;19;30;63;30;23;8645;18;130;6646;
PB;251170;PILÕEZINHOS;19;30;63;30;25;5953;21;120;4937;
PR;411610;MOREIRA SALES;19;30;63;30;31;10452;36;97;11966;
TO;170030;AGUIARNÓPOLIS;19;31;61;31;14;5805;17;221;7049;
AL;270370;JARAMATAIA;19;31;61;31;26;5846;26;119;5751;
MG;317050;URUCÂNIA;19;31;61;31;35;10476;35;89;10333;
RS;430580;CONSTANTINA;19;31;61;31;36;11097;32;86;9903;
SP;355290;TACIBA;19;32;59;32;21;7340;18;152;6371;
SE;280470;NOSSA SENHORA DE LOURDES;19;32;59;32;22;7093;20;145;6509;
CE;230060;ALTANEIRA;19;32;59;32;31;8741;27;103;7712;
TO;171660;PEIXE;19;32;59;32;33;10291;38;97;11996;
SC;421565;SANTA ROSA DO SUL;19;32;59;32;34;10863;26;94;8397;
MG;316670;SERRA DOS AIMORÉS;19;33;58;33;11;6525;15;300;8725;
SP;355385;TAQUARIVAÍ;19;33;58;33;32;6875;28;103;5968;
MT;510880;NOVA GUARITA;19;34;56;34;23;5998;17;148;4407;
CE;230460;GENERAL SAMPAIO;19;34;56;34;29;7566;30;117;7767;
MG;312680;FREI GASPAR;19;35;54;35;18;6316;17;194;5858;
BA;290440;BREJOLÂNDIA;19;35;54;35;19;8986;22;184;10675;
RS;431980;SÃO VICENTE DO SUL;19;35;54;35;21;9531;19;167;8742;
MG;313753;LAGOA GRANDE;19;35;54;35;22;9339;23;159;9681;
ES;320425;PONTO BELO;19;35;54;35;25;7895;25;140;8016;
MT;510621;NOVA CANAÃ DO NORTE;19;35;54;35;37;12609;38;95;12876;
MG;312970;IBIRACI;19;35;54;35;39;12247;45;90;14128;
MT;510269;CANABRAVA DO NORTE;19;36;53;36;10;4524;10;360;4711;
BA;291410;IPUPIARA;19;36;53;36;29;10577;27;124;9954;
PB;250939;MATURÉIA;19;37;51;22;37;8159;30;59;6690;
MA;210840;PERI MIRIM;19;37;51;37;21;9565;31;176;14371;
SC;420260;BOM RETIRO;19;37;51;37;28;9532;30;132;10153;
CE;230570;IPAUMIRIM;19;37;51;37;31;11624;33;119;12507;
PI;220196;BRASILEIRA;19;39;49;39;18;8853;17;217;8364;
PE;260340;CALUMBI;19;39;49;39;24;6851;20;163;5744;
MG;313340;ITAPAGIPE;19;39;49;39;25;13407;29;156;15511;
GO;520355;BONFINÓPOLIS;19;39;49;39;30;10916;28;130;10120;
BA;290395;BOM JESUS DA SERRA;19;39;49;39;33;10019;32;118;9768;
SC;421210;PALMITOS;19;39;49;39;42;16843;40;93;16144;
ES;320030;ALFREDO CHAVES;19;40;48;32;40;15635;38;80;14670;
MA;210594;LAGO DOS RODRIGUES;19;40;48;40;22;9282;21;182;8841;
SE;280720;SIRIRI;19;41;46;41;29;8517;31;141;9046;
PR;410530;CÉU AZUL;19;42;45;32;42;12662;39;76;11872;
PR;412390;SANTA MARIANA;19;42;45;42;29;9378;36;145;11523;
AM;130068;BOA VISTA DO RAMOS;19;42;45;42;31;7012;88;135;20040;
MA;210275;CAPINZAL DO NORTE;19;43;44;43;33;11594;31;130;10937;
MA;211190;SUCUPIRA DO NORTE;19;43;44;43;37;9956;40;116;10631;
PB;251090;PAULISTA;19;43;44;43;40;11481;43;108;12411;
MG;317005;UBAPORANGA;19;43;44;43;44;13634;40;98;12514;
MG;314600;OURO FINO;19;43;44;43;49;19374;86;88;33938;
BA;292303;NOVO HORIZONTE;19;44;43;44;31;12339;32;142;12653;
BA;292045;MANSIDÃO;19;45;42;45;15;9464;22;300;13822;
MA;210215;BREJO DE AREIA;19;45;42;45;41;10433;35;110;8841;
PA;150300;FARO;19;47;40;47;47;9406;35;100;6949;
MG;313320;ITANHOMI;19;50;38;38;50;13382;46;76;12259;
MG;313600;JOAÍMA;19;50;38;50;52;14205;57;96;15476;
MG;314860;PEÇANHA;19;50;38;50;55;15531;62;91;17534;
RS;431270;NONOAI;19;56;34;26;56;11734;55;46;11574;
BA;291940;LICÍNIO DE ALMEIDA;19;57;33;57;34;13270;32;168;12357;
SE;280040;ARAUÁ;19;57;33;57;43;11123;38;133;9840;
BA;291345;IGRAPIÚNA;19;57;33;57;49;12364;51;116;12963;
RN;240120;ARÊS;19;58;33;58;48;14435;48;121;14526;
RN;241010;POÇO BRANCO;19;59;32;59;44;13675;50;134;15646;
PE;261650;XEXÉU;19;59;32;59;55;12967;63;107;14789;
MA;210087;ARAGUANÃ;19;63;30;63;17;10762;25;371;15675;
AC;120034;MANOEL URBANO;19;63;30;63;65;10103;62;97;9701;
ES;320334;MARECHAL FLORIANO;19;67;28;54;67;19866;58;81;17141;
MG;312950;IBIÁ;19;68;28;49;68;19398;89;72;25511;
SE;280620;SALGADO;19;69;28;69;71;19967;71;97;20051;
BA;292190;MUCUGÊ;19;70;27;52;70;12665;48;74;8725;
MA;211170;SÃO VICENTE FERRER;19;71;27;71;58;18140;72;122;22452;
SE;280400;MARUIM;19;75;25;75;60;16274;64;125;17328;
BA;292970;SÁTIRO DIAS;19;76;25;76;54;16083;58;141;17330;
AC;120005;ASSIS BRASIL;19;77;25;77;90;10398;66;86;7649;
AM;130320;NOVO AIRÃO;19;88;22;88;78;17030;94;113;20395;
PA;150190;BUJARU;19;91;21;91;78;16182;143;117;29717;
MG;310620;BELO HORIZONTE;1905;8996;21;4891;8996;2548318;8934;54;2530701;
CE;230190;BARBALHA;191;337;57;337;398;68902;356;85;61662;
RJ;330420;RESENDE;192;489;39;361;489;131397;496;74;133244;
MG;316720;SETE LAGOAS;192;565;34;473;565;175437;785;84;243950;
MG;315250;POUSO ALEGRE;193;437;44;354;437;117445;574;81;154293;
PR;410754;ESPIGÃO ALTO DO IGUAÇU;19;26;73;26;19;5518;14;137;3980;
SP;353810;PINDORAMA;19;34;56;22;34;14891;40;65;17378;
PB;251510;SÃO SEBASTIÃO DE LAGOA DE ROÇA;19;39;49;39;42;12497;40;93;11793;
SP;352210;ITANHAÉM;193;511;38;511;387;103388;391;132;104351;
AM;130340;PARINTINS;194;677;29;677;497;93547;619;136;116439;
SP;353470;OURINHOS;195;320;61;320;205;59980;393;156;115139;
RS;432240;URUGUAIANA;195;375;52;375;398;96460;523;94;126766;
RS;431720;SANTA ROSA;196;277;71;277;319;74855;315;87;73882;
AL;270670;PENEDO;197;283;70;283;270;61711;280;105;64005;
SP;355280;TABOÃO DA SERRA;197;669;29;669;698;164009;1266;96;297528;
MG;315590;RIO PRETO;2;10;20;10;8;4841;9;125;5493;
MG;316265;SÃO JOÃO DO PACUÍ;2;10;20;10;9;3959;10;111;4476;
PR;412590;SÃO PEDRO DO PARANÁ;2;10;20;7;10;2599;9;70;2265;
SC;421240;PEDRAS GRANDES;2;10;20;8;10;4276;9;80;3931;
ES;320020;ALEGRE;2;105;2;36;105;27830;113;34;29869;
GO;520810;FORMOSO;2;11;18;11;13;4498;12;85;4098;
MT;510100;ARAGUAIANA;2;11;18;11;8;3510;7;138;3064;
SP;353205;MOTUCA;2;11;18;4;11;4851;11;36;4831;
PI;221039;SÃO MIGUEL DO FIDALGO;2;11;18;5;11;3196;10;45;3037;
MG;312530;FARIA LEMOS;2;11;18;5;11;3278;11;45;3202;
MG;310040;ACAIACA;2;11;18;6;11;4563;10;55;3995;
RS;430340;CAIÇARA;2;11;18;8;11;5208;10;73;4659;
SC;420250;BOM JARDIM DA SERRA;2;12;17;12;10;4892;10;120;4801;
RS;431910;SÃO MARTINHO;2;12;17;3;12;6563;10;25;5336;
RS;431303;NOVA ESPERANÇA DO SUL;2;12;17;7;12;5812;11;58;5465;
MG;317140;VIEIRAS;2;13;15;13;8;3913;7;163;3570;
PB;251278;RIACHO DE SANTO ANTÔNIO;2;13;15;7;13;2508;10;54;1999;
SP;353250;NEVES PAULISTA;2;14;14;14;13;5919;19;108;8917;
PI;220937;SANTA ROSA DO PIAUÍ;2;14;14;9;14;5269;14;64;5254;
MG;312290;DONA EUSÉBIA;2;15;13;15;14;6770;14;107;6664;
RN;241270;SÃO PEDRO;2;15;13;15;17;6020;17;88;5889;
SC;421795;TIGRINHOS;2;15;13;5;15;2675;9;33;1606;
RS;430467;CAPIVARI DO SUL;2;15;13;6;15;5352;13;40;4793;
MG;311170;CANAÃ;2;15;13;8;15;6119;11;53;4533;
MG;315540;RIO NOVO;2;16;13;12;16;8023;18;75;8964;
MG;317057;VARGEM ALEGRE;2;16;13;8;16;6505;16;50;6460;
MG;316400;SÃO PEDRO DOS FERROS;2;17;12;14;17;7152;18;82;7634;
RS;430710;HERVAL;2;17;12;17;17;6537;18;100;6807;
RS;430880;GENERAL CÂMARA;2;17;12;17;20;8857;19;85;8339;
SC;421605;SÃO CRISTOVÃO DO SUL;2;18;11;12;18;5227;19;67;5646;
PA;150746;SÃO JOÃO DA PONTA;2;18;11;18;16;5848;17;113;6294;
MG;310500;BALDIM;2;18;11;18;16;8811;14;113;7780;
SP;354570;SANTA ALBERTINA;2;18;11;6;18;6054;18;33;6036;
ES;320035;ALTO RIO NOVO;2;19;11;13;19;6472;23;68;7911;
MG;312110;DELFIM MOREIRA;2;19;11;16;19;8153;19;84;8007;
SC;420213;BELA VISTA DO TOLDO;2;19;11;19;16;5735;18;119;6386;
MG;311560;CEDRO DO ABAETÉ;2;2;100;2;0;1445;0;0;1150;
RS;432065;SILVEIRA MARTINS;2;2;100;2;1;2328;1;200;2365;
RS;430461;CANUDOS DO VALE;2;2;100;2;2;2020;2;100;1693;
RS;432234;UBIRETAMA;2;2;100;2;2;2385;2;100;1952;
RS;431179;MARATÁ;2;2;100;2;2;2950;2;100;2713;
RJ;330160;DUAS BARRAS;2;20;10;3;20;6901;34;15;11563;
SP;351400;DOBRADA;2;20;10;6;20;8236;22;30;9088;
SP;351470;ECHAPORÃ;2;21;10;21;22;7030;19;95;6026;
MG;310180;ALPERCATA;2;23;9;14;23;6432;27;61;7448;
SP;352660;LAVRINHAS;2;23;9;15;23;6753;25;65;7361;
PB;250933;MATINHAS;2;23;9;16;23;4881;21;70;4528;
MG;313055;IMBÉ DE MINAS;2;24;8;16;24;7351;23;67;6976;
PI;220375;FARTURA DO PIAUÍ;2;24;8;18;24;5645;23;75;5330;
MG;311600;CHALÉ;2;25;8;16;25;6844;21;64;5695;
MG;312300;DORES DE CAMPOS;2;25;8;25;22;9887;23;114;10291;
SP;350670;BOA ESPERANÇA DO SUL;2;25;8;25;28;9250;45;89;15111;
PI;220665;MORRO CABEÇA NO TEMPO;2;26;8;26;13;5082;12;200;4527;
RJ;330015;APERIBÉ;2;28;7;28;31;11260;33;90;12036;
SP;351565;FERNÃO;2;3;67;2;3;2301;2;67;1739;
RS;432285;VESPASIANO CORREA;2;3;67;2;3;2469;2;67;1776;
RS;430485;CARLOS GOMES;2;3;67;3;1;1730;1;300;1327;
MG;316480;SÃO SEBASTIÃO DO RIO PRETO;2;3;67;3;1;1857;1;300;1478;
MG;316580;SENADOR JOSÉ BENTO;2;3;67;3;2;1769;2;150;1422;
MG;316640;SERITINGA;2;3;67;3;2;2013;2;150;1857;
RS;430055;ALTO ALEGRE;2;3;67;3;3;1988;2;100;1590;
RS;432162;TRAVESSEIRO;2;3;67;3;3;2470;3;100;2331;
RJ;330245;MACUCO;2;32;6;17;32;7248;25;53;5646;
TO;170307;BARRA DO OURO;2;32;6;32;25;5034;23;128;4673;
MG;311250;CAPIM BRANCO;2;35;6;20;35;10850;32;57;9896;
RJ;330095;COMENDADOR LEVY GASPARIAN;2;36;6;21;36;10241;30;58;8590;
AP;160021;CUTIAS;2;38;5;38;25;5388;29;152;6217;
SP;351385;DIRCE REIS;2;4;50;3;4;2115;3;75;1805;
PB;251065;PARARI;2;4;50;3;4;2220;3;75;1747;
SP;355695;VITÓRIA BRASIL;2;4;50;3;4;2324;3;75;1852;
RS;430843;FORQUETINHA;2;4;50;3;4;2798;3;75;2389;
RS;431454;PINTO BANDEIRA;2;4;50;4;2;3247;2;200;3068;
MG;310980;CACHOEIRA DOURADA;2;4;50;4;3;2474;3;133;2720;
MG;314640;PAINEIRAS;2;4;50;4;3;4248;3;133;4440;
RS;431805;SÃO DOMINGOS DO SUL;2;4;50;4;4;3179;4;100;3091;
MG;313740;LAGOA DOURADA;2;40;5;40;43;13106;43;93;13115;
SP;354075;POTIM;2;41;5;41;37;14661;64;111;25603;
MG;313780;LAMBARI;2;47;4;36;47;18356;54;77;20995;
SC;421005;MACIEIRA;2;5;40;2;5;2102;4;40;1757;
RS;432057;SETE DE SETEMBRO;2;5;40;2;5;2271;4;40;1931;
RS;431975;SÃO VENDELINO;2;5;40;2;5;3088;4;40;2288;
SP;351492;ELISIÁRIO;2;5;40;2;5;3663;5;40;3742;
RS;431238;MONTE BELO DO SUL;2;5;40;2;5;3914;3;40;2514;
MG;314250;MONJOLOS;2;5;40;3;5;2321;5;60;2184;
RS;430786;FAGUNDES VARELA;2;5;40;3;5;3165;4;60;2750;
RS;431555;RIO DOS ÍNDIOS;2;5;40;3;5;3471;4;60;2571;
PR;411650;NOVA ALIANÇA DO IVAÍ;2;5;40;4;5;1489;5;80;1560;
RS;430912;GRAMADO DOS LOUREIROS;2;5;40;4;5;2637;4;80;2036;
MG;315870;SANTANA DO GARAMBÉU;2;5;40;4;5;2877;4;80;2494;
GO;520050;ALOÂNDIA;2;5;40;5;2;2110;2;250;1976;
MG;316050;SANTO ANTÔNIO DO RIO ABAIXO;2;5;40;5;2;2176;2;250;1756;
RS;432163;TRÊS ARROIOS;2;5;40;5;2;2960;2;250;2620;
MG;316443;SÃO SEBASTIÃO DA VARGEM ALEGRE;2;5;40;5;2;3312;2;250;3039;
SP;352965;MESÓPOLIS;2;5;40;5;4;2680;3;125;1903;
SP;351495;EMBAÚBA;2;5;40;5;4;2721;4;125;2446;
MG;315500;RIO DOCE;2;5;40;5;4;2948;4;125;2630;
MG;314760;PASSA QUATRO;2;55;4;27;55;16451;55;49;16439;
SP;350560;BARRINHA;2;57;4;48;57;13660;139;84;33537;
PE;261640;VITÓRIA DE SANTO ANTÃO;197;413;48;413;468;110777;593;88;140389;
MG;316380;SÃO MIGUEL DO ANTA;2;12;17;12;14;7133;14;86;6949;
MG;316830;TAQUARAÇU DE MINAS;2;12;17;12;6;3638;7;200;4120;
MG;316820;TAPIRAÍ;2;2;100;2;2;1849;2;100;1869;
SP;354400;RIO DAS PEDRAS;2;29;7;29;17;4977;125;171;36233;
GO;521480;NOVA AURORA;2;4;50;4;3;2565;3;133;2236;
GO;521385;MORRO AGUDO DE GOIÁS;2;5;40;5;4;2626;3;125;2217;
MG;316200;SÃO GONÇALO DO SAPUCAÍ;2;58;3;36;58;17075;87;62;25670;
MG;310130;ALAGOA;2;6;33;4;6;3043;5;67;2657;
SP;353690;PEDRANÓPOLIS;2;6;33;5;6;3435;4;83;2468;
GO;520960;HEITORAÍ;2;6;33;6;3;4828;2;200;3742;
RS;431123;LAGOA BONITA DO SUL;2;6;33;6;4;2670;4;150;2939;
GO;522180;URUTAÍ;2;6;33;6;5;4585;3;120;3056;
PR;410270;BARRA DO JACARÉ;2;6;33;6;7;3061;6;86;2781;
RS;432320;VICTOR GRAEFF;2;6;33;6;7;3242;6;86;2840;
GO;522130;TRÊS RANCHOS;2;7;29;3;7;3173;6;43;2830;
SP;354740;SANTA RITA D'OESTE;2;7;29;3;7;3297;5;43;2476;
RS;430705;ERNESTINA;2;7;29;3;7;3517;6;43;3171;
SP;350775;BREJO ALEGRE;2;7;29;4;7;3043;7;57;2911;
PI;221038;SÃO MIGUEL DA BAIXA GRANDE;2;7;29;7;2;2792;2;350;2456;
MT;510670;PONTE BRANCA;2;7;29;7;3;2031;2;233;1525;
MG;311490;CASA GRANDE;2;7;29;7;3;2530;3;233;2251;
RS;431173;MAMPITUBA;2;7;29;7;7;3320;6;100;2965;
RR;140017;CANTÁ;2;70;3;70;73;14269;99;96;19257;
MG;316290;SÃO JOÃO NEPOMUCENO;2;72;3;33;72;22374;85;46;26530;
PA;150590;PORTO DE MOZ;2;72;3;72;59;11499;219;122;42456;
SP;350940;CAJURU;2;72;3;72;82;23843;91;88;26613;
PA;150450;MELGAÇO;2;76;3;76;37;6508;159;205;28121;
SP;354010;PONGAÍ;2;8;25;3;8;3654;7;38;3385;
MG;312630;FORTALEZA DE MINAS;2;8;25;4;8;3964;9;50;4460;
RS;431447;PINHAL GRANDE;2;8;25;5;8;4207;8;63;4309;
RS;430980;IBIAÇÁ;2;8;25;5;8;4680;8;63;4690;
GO;520690;DAVINÓPOLIS;2;8;25;8;3;2746;2;267;2094;
TO;170270;AURORA DO TOCANTINS;2;8;25;8;6;3527;6;133;3809;
MG;312550;SÃO GONÇALO DO RIO PRETO;2;8;25;8;7;3704;6;114;3178;
PI;220207;CAJAZEIRAS DO PIAUÍ;2;8;25;8;8;3397;8;100;3586;
PA;150700;SANTO ANTÔNIO DO TAUÁ;2;80;3;80;72;17190;136;111;32346;
RN;241380;TABOLEIRO GRANDE;2;9;22;4;9;2508;9;44;2606;
GO;521690;PILAR DE GOIÁS;2;9;22;6;9;3070;6;67;2135;
PI;220285;CORONEL JOSÉ DIAS;2;9;22;9;10;4723;10;90;4688;
BA;291125;GAVIÃO;2;9;22;9;10;4902;9;90;4417;
RS;431055;ITACURUBI;2;9;22;9;4;3058;5;225;3456;
PR;412130;RANCHO ALEGRE;2;9;22;9;5;3846;5;180;3760;
TO;172015;SÃO FÉLIX DO TOCANTINS;2;9;22;9;7;1843;6;129;1610;
MG;312735;GLAUCILÂNDIA;2;9;22;9;7;3323;7;129;3177;
SC;420415;CELSO RAMOS;2;9;22;9;9;3186;8;100;2709;
MG;315970;SANTA ROSA DA SERRA;2;9;22;9;9;3309;9;100;3364;
SC;420243;BOCAINA DO SUL;2;9;22;9;9;3736;8;100;3501;
SP;355535;UBARANA;20;22;91;22;23;7232;21;96;6488;
PR;412035;PRANCHITA;20;22;91;22;25;6552;19;88;5035;
SC;421875;TUNÁPOLIS;20;23;87;23;17;5458;14;135;4507;
MT;510035;ALTO BOA VISTA;20;23;87;23;17;7148;17;135;7092;
PB;250157;BARRA DE SANTANA;20;25;80;25;26;8599;25;96;8338;
PR;410740;ENÉAS MARQUES;20;26;77;26;11;7166;9;236;5906;
PR;411695;NOVA ESPERANÇA DO SUDOESTE;20;26;77;26;19;6269;15;137;5014;
SC;420100;ANITA GARIBALDI;20;26;77;26;27;8716;21;96;6783;
SC;420510;DONA EMMA;20;27;74;27;11;4763;10;245;4224;
SP;351460;DUMONT;20;27;74;27;15;5802;27;180;10174;
SP;355260;TABAPUÃ;20;28;71;22;28;11813;30;79;12561;
SP;355350;TAPIRAÍ;20;28;71;28;25;8019;24;112;7725;
PR;412580;SÃO PEDRO DO IVAÍ;20;28;71;28;29;10904;30;97;11109;
BA;290150;ANGUERA;20;28;71;28;5;9636;6;560;11369;
PI;221093;SUSSUAPARA;20;29;69;29;22;7799;19;132;6801;
PB;250415;CASSERENGUE;20;29;69;29;23;7818;22;126;7530;
MG;315230;PORTO FIRME;20;29;69;29;24;10814;25;121;11414;
MG;312120;DELFINÓPOLIS;20;29;69;29;24;9206;19;121;7146;
SP;354250;REGINÓPOLIS;20;29;69;29;6;6861;9;483;10047;
SP;353370;OCAUÇU;20;30;67;30;17;4745;15;176;4294;
MG;310270;CACHOEIRA DE PAJEÚ;20;30;67;30;18;8838;19;167;9470;
MG;316620;SENHORA DOS REMÉDIOS;20;30;67;30;19;11293;18;158;10474;
GO;520340;BOM JARDIM DE GOIÁS;20;30;67;30;21;8833;21;143;8912;
BA;292390;PAU BRASIL;20;30;67;30;24;8146;28;125;9550;
SP;354380;RINÓPOLIS;20;30;67;30;24;9951;24;125;9940;
PR;410080;ALVORADA DO SUL;20;30;67;30;30;11817;29;100;11598;
BA;292280;NOVA ITARANA;20;30;67;30;34;8229;34;88;8328;
SP;353420;ORINDIÚVA;20;31;65;31;21;8025;19;148;7318;
RN;240570;JARDIM DO SERIDÓ;20;31;65;31;27;13557;25;115;12397;
PB;250120;AREIAL;20;31;65;31;30;8339;25;103;7054;
MG;316840;TARUMIRIM;20;31;65;31;31;14193;31;100;14280;
PR;410380;CAMBIRA;20;31;65;31;32;8860;29;97;7967;
PR;410350;CALIFÓRNIA;20;31;65;31;32;9965;28;97;8641;
MG;315630;RODEIRO;20;31;65;31;33;10425;26;94;8333;
MG;314830;PAULA CÂNDIDO;20;32;63;32;28;10168;26;114;9597;
PB;251500;SÃO MIGUEL DE TAIPU;20;32;63;32;29;8078;27;110;7450;
PB;250390;CAMALAÚ;20;32;63;32;31;6916;27;103;6048;
SC;420170;ASCURRA;20;32;63;32;33;9679;27;97;8021;
GO;521500;NOVA VENEZA;20;33;61;33;26;10594;25;127;10193;
GO;520545;CEZARINA;20;33;61;33;35;9870;31;94;8794;
MS;500795;TACURU;20;33;61;33;38;7587;59;87;11795;
RN;240510;JANDAÍRA;20;34;59;34;22;7187;21;155;6907;
SP;353750;PEREIRAS;20;34;59;34;23;9657;21;148;8875;
PE;260150;BELÉM DE MARIA;20;34;59;34;33;11011;36;103;12169;
RN;240270;CERRO CORÁ;20;34;59;34;39;11044;39;87;11182;
PI;220420;FRANCISCO SANTOS;20;35;57;35;19;8267;22;184;9423;
SC;421440;RIO DAS ANTAS;20;35;57;35;24;6832;22;146;6199;
SP;355090;SÃO SIMÃO;20;35;57;35;26;10222;39;135;15446;
RS;430290;CACEQUI;20;35;57;35;26;13653;23;135;12291;
PB;251280;RIACHO DOS CAVALOS;20;35;57;35;28;9309;26;125;8555;
RN;240140;BAÍA FORMOSA;20;35;57;35;34;9255;34;103;9373;
MG;316557;SENADOR AMARAL;20;35;57;35;35;7527;25;100;5365;
SP;350420;AURIFLAMA;20;36;56;28;36;12908;43;78;15316;
MG;312087;CURRAL DE DENTRO;20;36;56;36;22;8661;20;164;7867;
PR;410410;CAMPO DO TENENTE;20;36;56;36;41;8955;37;88;8118;
RO;110070;CAMPO NOVO DE RONDÔNIA;20;37;54;37;37;11632;46;100;14391;
AM;130006;AMATURÁ;20;37;54;37;38;6142;73;97;11934;
GO;521580;PALMELO;2;7;29;7;2;2797;2;350;2382;
PR;410965;HONÓRIO SERPA;20;28;71;28;16;6218;13;175;5030;
BA;291570;ITAMARI;20;38;53;38;28;7681;29;136;7971;
BA;291250;IBIPITANGA;20;39;51;32;39;14515;40;82;14989;
PB;250625;GADO BRAVO;20;39;51;39;24;9496;21;163;8292;
BA;292670;RIO DE CONTAS;20;40;50;27;40;15013;34;68;12878;
SP;354430;ROSEIRA;20;40;50;32;40;11350;38;80;10888;
BA;292593;QUIXABEIRA;20;40;50;40;27;9734;25;148;8939;
MG;317160;VIRGEM DA LAPA;20;40;50;40;32;12942;34;125;13729;
PR;410850;GENERAL CARNEIRO;20;41;49;41;34;9027;51;121;13661;
PR;411885;PEROBAL;20;42;48;26;42;8370;31;62;6194;
BA;292285;NOVA REDENÇÃO;20;42;48;42;23;7623;27;183;9126;
BA;293170;TERRA NOVA;20;43;47;43;30;12671;31;143;13018;
PR;412330;SANTA CRUZ DE MONTE CASTELO;20;44;45;36;44;9221;37;82;7705;
TO;171575;PALMEIRÓPOLIS;20;44;45;44;25;8296;23;176;7694;
ES;320225;GOVERNADOR LINDENBERG;20;44;45;44;32;13159;32;138;13047;
BA;290700;CARDEAL DA SILVA;20;44;45;44;35;9867;33;126;9395;
BA;291630;ITAPEBI;20;45;44;45;30;8942;34;150;10173;
MG;315580;RIO POMBA;20;45;44;45;43;17747;44;105;18007;
AL;270580;OLHO D'ÁGUA DO CASADO;20;46;43;46;33;8914;35;139;9507;
SP;350790;BROTAS;20;46;43;46;41;12511;81;112;24862;
AL;270120;CACIMBINHAS;20;46;43;46;50;11201;49;92;10920;
RS;431900;SÃO MARCOS;20;47;43;32;47;16373;62;68;21756;
RR;140050;SÃO JOÃO DA BALIZA;20;48;42;48;29;7920;31;166;8492;
MG;314085;MATIAS CARDOSO;20;49;41;49;22;8560;29;223;11360;
MA;210580;LAGO DO JUNCO;20;51;39;51;47;9742;53;109;10900;
RS;432040;SERAFINA CORRÊA;20;52;38;41;52;17340;54;79;18074;
CE;230140;ARATUBA;20;52;38;52;55;13164;49;95;11759;
PR;410280;BELA VISTA DO PARAÍSO;20;53;38;43;53;14325;57;81;15400;
MT;510060;ALTO TAQUARI;20;53;38;44;53;12965;47;83;11413;
RJ;330280;MENDES;20;53;38;53;59;18488;60;90;18681;
AM;130360;SANTA ISABEL DO RIO NEGRO;20;56;36;56;31;8686;95;181;26566;
PB;250403;CAPIM;20;58;34;58;38;8226;31;153;6715;
RN;240470;IPANGUAÇU;20;59;34;59;55;15088;57;107;15759;
SP;351140;CERQUEIRA CÉSAR;20;59;34;59;58;17197;69;102;20391;
PI;220660;MONTE ALEGRE DO PIAUÍ;20;60;33;60;55;11179;52;109;10618;
CE;230650;ITAPIÚNA;20;61;33;61;46;15642;61;133;20653;
BA;290250;BAIANÓPOLIS;20;62;32;62;36;13968;36;172;13979;
MG;311050;CAMANDUCAIA;20;62;32;62;71;17908;86;87;21831;
RS;431600;ROLANTE;20;64;31;64;65;20475;69;98;21591;
RS;432280;VERANÓPOLIS;20;65;31;40;65;24850;70;62;26813;
BA;292730;SALINAS DA MARGARIDA;20;68;29;68;33;15961;33;206;16047;
MA;211174;SENADOR ALEXANDRE COSTA;20;72;28;72;41;9665;48;176;11285;
PI;220672;NAZÁRIA;20;74;27;74;54;10670;44;137;8632;
MG;316935;TRÊS MARIAS;20;74;27;74;87;29756;97;85;33062;
AP;160010;AMAPÁ;20;77;26;77;40;8950;41;193;9265;
GO;520920;GUAPÓ;20;85;24;54;85;17809;68;64;14206;
MA;210125;BACABEIRA;20;94;21;94;67;15141;77;140;17446;
PE;260110;ARARIPINA;200;392;51;392;377;67927;474;104;85301;
BA;293135;TEIXEIRA DE FREITAS;200;678;29;558;678;141393;788;82;164290;
SE;280350;LAGARTO;201;403;50;403;435;96988;476;93;106015;
SP;354850;SANTOS;201;529;38;529;394;133856;1278;134;433991;
PR;411840;PARANAVAÍ;202;398;51;297;398;94727;376;75;89454;
SC;420830;ITAPEMA;204;310;66;310;279;73497;263;111;69323;
MG;314800;PATOS DE MINAS;204;619;33;384;619;169181;566;62;154641;
MA;210330;CODÓ;205;511;40;511;528;103995;626;97;123368;
BA;292870;SANTO ANTÔNIO DE JESUS;207;352;59;352;307;87052;364;115;103204;
PR;410140;APUCARANA;207;422;49;422;455;126669;494;93;137438;
CE;231140;QUIXERAMOBIM;208;364;57;364;311;77306;332;117;82455;
MA;210120;BACABAL;209;430;49;430;446;97274;482;96;105094;
BA;292740;SALVADOR;2094;5395;39;5395;5482;1593970;9975;98;2900319;
MG;313010;IGARAPÉ;21;164;13;83;164;40906;179;51;44561;
RS;430730;ERVAL SECO;21;22;95;22;25;7237;23;88;6697;
MT;510775;SALTO DO CÉU;21;23;91;23;17;4528;12;135;3226;
MT;510645;PLANALTO DA SERRA;21;24;88;24;12;3837;8;200;2637;
SP;351990;IEPÊ;21;25;84;25;22;9124;20;114;8228;
PE;261440;SOLIDÃO;21;27;78;27;17;6024;17;159;6034;
SP;354105;PRATÂNIA;21;28;75;28;19;6475;16;147;5371;
PE;260740;ITACURUBA;21;28;75;28;20;4551;22;140;5013;
PR;412855;VERA CRUZ DO OESTE;21;28;75;28;30;9406;27;93;8389;
PB;250915;MARIZÓPOLIS;21;29;72;29;19;7014;18;153;6689;
SP;355080;SÃO SEBASTIÃO DA GRAMA;21;29;72;29;26;12708;25;112;12137;
MG;315350;ALTO JEQUITIBÁ;21;29;72;29;28;9819;24;104;8286;
SP;352770;LUIZIÂNIA;21;30;70;30;14;5777;14;214;5918;
RO;110143;NOVA UNIÃO;21;30;70;30;25;6495;26;120;6822;
PB;250850;LIVRAMENTO;21;30;70;30;28;7919;26;107;7274;
RS;431110;JAGUARI;21;31;68;31;20;11612;18;155;10684;
PR;410773;FERNANDES PINHEIRO;21;32;66;26;32;7226;25;81;5561;
SP;353490;PACAEMBU;21;32;66;32;20;9703;29;160;14326;
BA;292980;SAÚDE;21;33;64;33;25;10604;31;132;12971;
PE;261618;VERTENTE DO LÉRIO;21;33;64;33;32;8801;27;103;7526;
PR;411722;NOVA SANTA ROSA;21;33;64;33;35;8821;33;94;8311;
RS;430517;CERRO GRANDE DO SUL;21;34;62;34;25;10119;31;136;12579;
SP;355050;SÃO PEDRO DO TURVO;21;34;62;34;30;8798;26;113;7724;
GO;520410;CACHOEIRA ALTA;21;34;62;34;34;11668;37;100;12843;
MG;313867;LUISBURGO;21;34;62;34;36;7858;29;94;6249;
SP;352370;ITIRAPUÃ;21;35;60;35;18;6869;17;194;6587;
SP;350490;BANANAL;21;35;60;35;19;10068;21;184;11039;
MA;210970;SAMBAÍBA;21;36;58;36;17;5851;17;212;5686;
PR;411325;LARANJAL;21;36;58;36;21;6389;19;171;5719;
BA;290220;ARAMARI;21;36;58;36;24;9935;28;150;11519;
PE;260630;GRANITO;21;37;57;37;25;7241;26;148;7586;
MG;314220;MIRAÍ;21;37;57;37;33;13152;38;112;15205;
GO;521720;PIRANHAS;21;38;55;32;38;11703;33;84;10161;
SC;420370;CANELINHA;21;38;55;38;30;12201;31;127;12553;
SP;350340;AREALVA;21;39;54;39;16;10416;13;244;8665;
PB;250355;CACIMBAS;21;40;53;40;45;8041;40;89;7225;
BA;292467;PIRAÍ DO NORTE;21;41;51;41;19;7113;27;216;10050;
BA;291230;IBICUÍ;21;41;51;41;35;15185;37;117;16262;
SE;280610;ROSÁRIO DO CATETE;21;41;51;41;35;9395;41;117;11158;
PR;410800;FLORESTÓPOLIS;21;41;51;41;44;12785;36;93;10360;
TO;170300;BABAÇULÂNDIA;21;43;49;43;23;8626;28;187;10668;
SE;280410;MOITA BONITA;21;44;48;44;36;12547;33;122;11361;
SC;420768;IPUAÇU;21;44;48;44;39;8356;36;113;7643;
PE;261200;SAIRÉ;21;45;47;45;40;11676;33;113;9600;
SP;355730;ESTIVA GERBI;21;46;46;36;46;14240;37;78;11507;
RN;240210;CAMPO REDONDO;21;48;44;48;28;9812;32;171;11363;
MG;315890;SANTANA DO MANHUAÇU;21;48;44;48;30;8816;29;160;8660;
PB;251540;SÃO VICENTE DO SERIDÓ;21;49;43;37;49;12075;44;76;10919;
MG;313005;ICARAÍ DE MINAS;21;49;43;49;26;9756;33;188;12200;
AL;270150;CAMPO GRANDE;21;49;43;49;39;10409;36;126;9576;
MG;310030;ABRE CAMPO;21;49;43;49;44;14147;42;111;13434;
RS;430900;GIRUÁ;21;50;42;39;50;16778;47;78;15729;
SP;354500;SALESÓPOLIS;21;50;42;50;19;6114;54;263;17363;
PI;220680;NOSSA SENHORA DOS REMÉDIOS;21;50;42;50;45;10046;39;111;8751;
PE;260440;CHÃ DE ALEGRIA;21;50;42;50;57;13092;59;88;13641;
RS;430420;CANDELÁRIA;21;52;40;25;52;18504;89;48;31475;
BA;290550;CALDEIRÃO GRANDE;21;52;40;52;45;12125;50;116;13452;
RS;431440;PELOTAS;205;775;26;585;775;218031;1222;75;343826;
AM;130420;TEFÉ;209;609;34;439;609;66598;542;72;59250;
MT;510890;NOVA MARINGÁ;21;34;62;34;15;7225;19;227;9056;
PE;261610;VERDEJANTE;21;38;55;38;30;9891;29;127;9572;
BA;292360;PARAMIRIM;21;53;40;32;53;18214;63;60;21777;
MA;210430;GODOFREDO VIANA;21;53;40;53;36;10032;43;147;12104;
RN;240660;LAGOA SALGADA;21;54;39;40;54;10749;42;74;8348;
PR;412180;RIBEIRÃO CLARO;21;54;39;40;54;14219;40;74;10622;
MS;500635;PARANHOS;21;54;39;54;58;9750;87;93;14576;
MA;210637;MARANHÃOZINHO;21;55;38;55;39;11371;57;141;16754;
SP;350780;BRODOWSKI;21;57;37;36;57;15585;93;63;25605;
BA;291280;IBIRAPUÃ;21;57;37;57;35;10449;29;163;8740;
PA;150160;BONITO;21;57;37;57;39;13492;49;146;16769;
RN;241400;TANGARÁ;21;57;37;57;51;15118;54;112;16008;
SP;353940;PIRATININGA;21;62;34;34;62;18039;48;55;13890;
AM;130110;CAREIRO;21;63;33;63;37;10704;135;170;38820;
PA;150285;CURUÁ;21;65;32;65;48;11535;61;135;14776;
RJ;330360;PARACAMBI;21;76;28;76;80;33388;128;95;53093;
MA;211140;SÃO LUÍS GONZAGA DO MARANHÃO;21;77;27;57;77;20281;71;74;18600;
RS;431330;NOVA PRATA;21;89;24;57;89;25317;98;64;28021;
ES;320120;CACHOEIRO DE ITAPEMIRIM;211;664;32;560;664;185083;761;84;212172;
SP;350390;ARUJÁ;212;334;63;334;340;73814;426;98;92453;
RN;241200;SÃO GONÇALO DO AMARANTE;212;422;50;422;425;99642;447;99;104919;
MA;210005;AÇAILÂNDIA;212;473;45;473;482;92260;594;98;113783;
MS;500660;PONTA PORÃ;212;482;44;482;531;99889;507;91;95320;
RO;110004;CACOAL;213;360;59;360;399;78636;438;90;86416;
RS;430210;BENTO GONÇALVES;214;308;69;308;354;91241;477;87;123090;
SP;355710;VOTUPORANGA;214;330;65;267;330;98261;323;81;96106;
PR;410550;CIANORTE;215;288;75;288;320;82324;330;90;84980;
ES;320320;LINHARES;215;625;34;625;725;162924;800;86;179755;
CE;231130;QUIXADÁ;216;371;58;371;356;76708;413;104;88899;
BA;292400;PAULO AFONSO;216;477;45;477;414;100232;492;115;119213;
RS;431560;RIO GRANDE;219;430;51;430;488;133855;776;88;212881;
SP;354980;SÃO JOSÉ DO RIO PRETO;22;1085;2;49;1085;306709;1660;5;469173;
MA;210690;MONÇÃO;22;129;17;129;120;25836;157;108;33888;
SP;354940;SÃO JOAQUIM DA BARRA;22;129;17;69;129;43289;157;53;52737;
AM;130390;SÃO PAULO DE OLIVENÇA;22;153;14;112;153;22413;279;73;40837;
RR;140005;ALTO ALEGRE;22;164;13;60;164;17064;147;37;15249;
RJ;330430;RIO BONITO;22;172;13;109;172;47753;219;63;60930;
PB;251380;SANTA TERESINHA;22;25;88;25;19;6087;14;132;4550;
PB;251430;SÃO JOSÉ DE CAIANA;22;28;79;28;14;6999;13;200;6394;
RS;431862;SÃO JOSÉ DOS AUSENTES;22;28;79;28;19;6129;11;147;3559;
SP;354325;RIBEIRÃO GRANDE;22;28;79;28;23;8862;20;122;7686;
RO;110003;CABIXI;22;28;79;28;25;6305;20;112;5067;
MG;311680;COLUNA;22;28;79;28;25;9343;24;112;8810;
MG;311240;CAPETINGA;22;29;76;29;16;7362;15;181;6860;
GO;521900;SANCLERLÂNDIA;22;29;76;29;30;9435;24;97;7630;
PR;412385;SANTA MARIA DO OESTE;22;29;76;29;31;8394;34;94;9210;
MT;510455;ITAÚBA;22;29;76;29;32;5790;20;91;3609;
PI;220323;CURRAIS;22;30;73;30;16;4948;16;188;4982;
MG;312380;ENGENHEIRO NAVARRO;22;30;73;30;20;7095;20;150;7240;
ES;320515;VILA PAVÃO;22;30;73;30;24;10312;22;125;9280;
MG;311870;COQUEIRAL;22;30;73;30;26;9844;24;115;9099;
CE;230426;DEPUTADO IRAPUAN PINHEIRO;22;31;71;31;23;9420;24;135;9698;
SP;351900;HERCULÂNDIA;22;31;71;31;26;9988;25;119;9649;
MG;314465;NINHEIRA;22;31;71;31;27;10204;27;115;10355;
PI;220045;ALVORADA DO GURGUÉIA;22;32;69;32;18;6163;16;178;5469;
SP;353220;NARANDIBA;22;32;69;32;18;6718;13;178;4950;
PR;411490;MARILÂNDIA DO SUL;22;32;69;32;30;9488;28;107;8793;
CE;231000;PALHANO;22;32;69;32;31;10234;29;103;9458;
RO;110175;VALE DO ANARI;22;33;67;33;13;6782;22;254;11545;
MG;315450;RIACHO DOS MACHADOS;22;33;67;33;31;8843;33;106;9471;
SC;421890;URUBICI;22;33;67;33;38;12319;35;87;11311;
MG;314055;MATA VERDE;22;34;65;34;17;8888;17;200;8700;
TO;170110;APARECIDA DO RIO NEGRO;22;34;65;34;18;5580;16;189;4901;
PB;251700;UMBUZEIRO;22;34;65;34;24;10377;23;142;9914;
TO;170200;ARAGUAÇU;22;34;65;34;28;9492;25;121;8418;
RJ;330460;SANTA MARIA MADALENA;22;35;63;35;29;10359;29;121;10380;
RN;240530;JANUÁRIO CICCO;22;35;63;35;31;8998;36;113;10367;
RN;241415;TENENTE LAURENTINO CRUZ;22;36;61;36;26;6694;24;138;6085;
SP;354290;RIBEIRÃO BONITO;22;36;61;36;28;9550;39;129;13376;
PI;220810;PIMENTEIRAS;22;36;61;36;34;11016;37;106;12150;
MA;210700;MONTES ALTOS;22;37;59;37;43;8290;47;86;9064;
MG;317180;VIRGINÓPOLIS;22;38;58;32;38;11478;35;84;10459;
MG;313290;ITAMOGI;22;39;56;27;39;12108;33;69;10122;
MA;210725;NOVA COLINAS;22;40;55;40;25;5797;24;160;5469;
MS;500090;ANTÔNIO JOÃO;22;40;55;40;33;9362;32;121;9082;
GO;521405;MUNDO NOVO;22;40;55;40;35;7243;22;114;4540;
MA;210490;GUIMARÃES;22;41;54;34;41;12403;40;83;11966;
PA;150175;BREJO GRANDE DO ARAGUAIA;22;41;54;41;24;7561;23;171;7357;
RS;431250;MOSTARDAS;22;42;52;42;24;8672;35;175;12888;
PE;260360;CAMUTANGA;22;42;52;42;32;8823;31;131;8592;
SP;350530;BARRA BONITA;22;42;52;42;34;14611;83;124;36125;
RS;431790;SANTO CRISTO;22;43;51;28;43;15705;39;65;14177;
MS;500410;GUIA LOPES DA LAGUNA;22;43;51;43;40;11053;35;108;9754;
SE;280660;SANTO AMARO DAS BROTAS;22;43;51;43;44;12227;44;98;12200;
SE;280640;SANTANA DO SÃO FRANCISCO;22;44;50;44;27;7626;28;163;7906;
BA;290940;COTEGIPE;22;44;50;44;42;12498;46;105;13756;
PE;261247;SANTA CRUZ DA BAIXA VERDE;22;44;50;44;48;12544;49;92;12708;
ES;320330;MANTENÓPOLIS;22;45;49;45;39;13053;47;115;15653;
MT;510610;NOSSA SENHORA DO LIVRAMENTO;22;46;48;46;42;14099;39;110;13093;
MA;210407;FEIRA NOVA DO MARANHÃO;22;48;46;48;23;8417;23;209;8506;
SP;353150;MONTE AZUL PAULISTA;22;48;46;48;53;16937;59;91;18928;
GO;521860;RIALMA;22;49;45;39;49;12473;43;80;10961;
MA;210207;BOM LUGAR;22;49;45;49;32;12650;42;153;16578;
MG;313700;LADAINHA;22;51;43;40;51;16005;58;78;18272;
BA;293230;UBATÃ;22;52;42;52;25;13489;51;208;27481;
SP;350660;BIRITIBA-MIRIM;22;52;42;52;53;15005;117;98;33265;
ES;320170;CONCEIÇÃO DO CASTELO;22;53;42;38;53;14097;48;72;12887;
BA;291680;ITARANTIM;22;55;40;55;46;14690;62;120;19937;
BA;292040;MANOEL VITORINO;22;57;39;57;56;15032;48;102;12944;
MA;210680;MIRINZAL;22;59;37;59;67;14121;71;88;15059;
BA;290040;ÁGUA FRIA;22;60;37;60;29;14108;35;207;17096;
PE;260415;CASINHAS;22;61;36;61;49;14254;49;124;14395;
CE;230015;ACARAPE;22;63;35;63;55;14323;58;115;15140;
SP;353560;PARAIBUNA;22;64;34;64;36;16986;39;178;18302;
MA;211102;SÃO JOÃO DO CARÚ;22;64;34;64;48;12936;59;133;15768;
GO;522000;SÃO JOÃO D'ALIANÇA;22;68;32;68;33;10914;44;206;14423;
BA;292210;MUNDO NOVO;22;71;31;71;41;17244;64;173;27153;
BA;292595;RAFAEL JAMBEIRO;22;82;27;82;65;21552;68;126;22643;
MA;210790;PASSAGEM FRANCA;22;96;23;77;96;18851;98;80;19253;
PB;250800;JURU;22;29;76;29;26;9196;28;112;9831;
SC;420930;LAGES;220;695;32;495;695;150967;723;71;157158;
CE;231340;TIANGUÁ;221;451;49;451;452;75718;460;100;77111;
RJ;330490;SÃO GONÇALO;222;1535;14;1079;1535;535009;3152;70;1098357;
MG;315780;SANTA LUZIA;222;872;25;622;872;213625;905;71;221705;
CE;230550;IGUATU;223;359;62;359;403;102940;406;89;103633;
CE;230523;HORIZONTE;224;444;50;330;444;81488;380;74;69688;
MG;311940;CORONEL FABRICIANO;225;315;71;315;347;105039;366;91;110709;
PE;260960;OLINDA;229;1087;21;773;1087;263443;1625;71;393734;
SP;350750;BOTUCATU;229;404;57;404;405;116212;522;100;149718;
PA;150310;GURUPÁ;23;169;14;169;123;18624;226;137;34127;
PE;260710;INGAZEIRA;23;26;88;26;21;5498;17;124;4537;
RS;431670;SANTA BÁRBARA DO SUL;23;27;85;27;9;3890;18;300;7813;
BA;291165;GUAJERU;23;29;79;29;24;8613;18;121;6371;
SC;420340;CAMPO BELO DO SUL;23;29;79;29;25;8257;21;116;6889;
PE;261153;QUIXABA;23;30;77;30;20;7033;19;150;6796;
PR;412880;XAMBRÊ;23;30;77;30;22;6789;18;136;5584;
PR;410330;BORRAZÓPOLIS;23;31;74;31;21;9275;14;148;6290;
SC;421450;RIO DO CAMPO;23;31;74;31;30;7624;23;103;5864;
MG;310950;CABO VERDE;23;32;72;32;23;10591;30;139;14074;
BA;293340;WAGNER;23;32;72;32;29;8602;31;110;9342;
SC;420040;ÁGUA DOCE;23;32;72;32;30;7758;28;107;7160;
AL;270340;JACARÉ DOS HOMENS;23;33;70;33;17;6441;14;194;5185;
MG;310390;ARAÚJOS;23;33;70;33;28;9744;27;118;9523;
BA;290510;CAÉM;23;33;70;33;37;10752;31;89;8912;
PR;412790;TUNEIRAS DO OESTE;23;35;66;35;22;7985;23;159;8502;
SP;351015;CANITAR;23;36;64;36;18;5655;17;200;5365;
PI;220650;MONSENHOR HIPÓLITO;23;36;64;36;26;8535;24;138;7785;
PR;412500;SÃO JOÃO DO IVAÍ;23;36;64;36;38;11475;33;95;9897;
MG;315015;PIEDADE DE CARATINGA;23;37;62;37;37;11173;29;100;8832;
TO;171670;COLMÉIA;23;38;61;38;27;9232;24;141;8078;
PI;220173;BETÂNIA DO PIAUÍ;23;38;61;38;30;6586;28;127;6214;
PI;220510;ITAUEIRA;23;38;61;38;39;10903;39;97;11037;
PB;250760;JUAREZ TÁVORA;23;39;59;39;36;8891;32;108;8014;
MG;310890;BRAZÓPOLIS;23;39;59;39;46;14945;44;85;14364;
MG;312690;FREI INOCÊNCIO;23;40;58;40;19;9491;19;211;9716;
BA;292130;MILAGRES;23;40;58;40;39;11254;38;103;10838;
TO;171886;SANTA FÉ DO ARAGUAIA;23;41;56;41;23;6969;25;178;7678;
ES;320310;JERÔNIMO MONTEIRO;23;42;55;42;36;12356;36;117;12336;
BA;290610;CANÁPOLIS;23;43;53;43;37;10249;35;116;9694;
PI;220272;COCAL DOS ALVES;23;44;52;44;17;7047;15;259;6180;
RS;432010;SARANDI;23;44;52;44;30;8503;88;147;25024;
SP;350050;ÁGUAS DE LINDÓIA;23;45;51;45;45;14443;59;100;18908;
BA;292900;SÃO FÉLIX;23;46;50;46;34;13166;38;135;14784;
BA;292010;MAIRI;23;46;50;46;44;17898;46;105;18535;
MG;310375;ARAPORÃ;23;47;49;36;47;9740;34;77;6992;
SP;353200;MORUNGABA;23;47;49;47;26;8175;45;181;13936;
SC;421340;PONTE SERRADA;23;49;47;49;46;11667;46;107;11674;
BA;290323;BARRO ALTO;23;50;46;50;43;14593;45;116;15171;
BA;292450;PINDAÍ;23;52;44;52;18;13523;22;289;16308;
BA;290300;BARRA DO MENDES;23;52;44;52;57;16172;46;91;13128;
PB;250920;MASSARANDUBA;23;53;43;53;51;14772;49;104;14077;
MA;210015;ÁGUA DOCE DO MARANHÃO;23;56;41;56;52;14047;47;108;12731;
CE;230390;CHAVAL;23;57;40;47;57;13688;55;82;13112;
SE;280230;FREI PAULO;23;59;39;49;59;14816;62;83;15688;
GO;521530;ORIZONA;23;62;37;62;50;14582;54;124;15834;
TO;172210;XAMBIOÁ;23;64;36;34;64;12028;61;53;11500;
RJ;330615;VARRE-SAI;23;65;35;65;36;10714;38;181;11208;
TO;170820;FORMOSO DO ARAGUAIA;23;65;35;65;74;16869;80;88;18358;
AM;130200;ITAPIRANGA;23;66;35;66;49;11139;41;135;9312;
ES;320220;FUNDÃO;23;66;35;66;52;14754;79;127;22379;
PR;410590;COLORADO;23;66;35;66;69;22563;74;96;24271;
AC;120038;PLÁCIDO DE CASTRO;23;66;35;66;78;17129;92;85;20147;
PI;220760;PARNAGUÁ;23;69;33;69;41;10465;42;168;10846;
CE;231375;UMIRIM;23;69;33;69;51;13570;75;135;19976;
MA;210800;PASTOS BONS;23;86;27;67;86;18288;93;78;19693;
CE;230195;BARREIRA;23;90;26;90;94;23471;91;96;22715;
PR;410420;CAMPO LARGO;231;409;56;409;356;91506;528;115;135678;
MG;314790;PASSOS;232;361;64;361;363;102805;410;99;115970;
GO;520549;CIDADE OCIDENTAL;234;402;58;402;400;89050;334;101;74370;
SP;354890;SÃO CARLOS;235;510;46;510;532;149842;912;96;256915;
SP;355410;TAUBATÉ;235;591;40;591;590;165535;1143;100;320820;
PA;150060;ALTAMIRA;235;615;38;615;680;106222;751;90;117320;
PR;411850;PATO BRANCO;238;323;74;323;375;83082;383;86;84779;
RJ;330250;MAGÉ;239;1038;23;820;1038;245951;1046;79;247741;
MS;500830;TRÊS LAGOAS;239;552;43;552;628;127484;616;88;125137;
AM;130423;TONANTINS;24;103;23;103;87;12669;131;118;19038;
BA;290490;CACHOEIRA;24;104;23;104;96;29444;110;108;33659;
AC;120080;PORTO ACRE;24;117;21;117;108;17662;117;108;19141;
RJ;330575;TANGUÁ;24;130;18;93;130;34397;132;72;34898;
PA;150290;CURUÇÁ;24;155;15;155;116;30356;157;134;41093;
SP;352680;LENÇÓIS PAULISTA;24;166;14;137;166;47019;246;83;69533;
MG;316220;SÃO JOÃO BATISTA DO GLÓRIA;24;27;89;27;23;8751;20;117;7541;
PB;250450;CONDADO;24;29;83;29;26;7666;23;112;6662;
RS;430050;ALPESTRE;24;30;80;30;14;8174;10;214;5885;
BA;292305;NOVO TRIUNFO;24;31;77;31;15;9444;24;207;15445;
CE;230365;CATUNDA;24;31;77;31;28;10571;28;111;10410;
SC;420765;IPORÃ DO OESTE;24;31;77;31;34;10304;30;91;9093;
PB;250880;MALTA;24;32;75;32;19;7239;15;168;5745;
PR;411870;PAULO FRONTIN;24;32;75;32;20;7406;20;160;7418;
PR;411373;LUIZIANA;24;32;75;32;20;7969;18;160;7217;
SP;352110;IPEÚNA;24;32;75;32;23;7155;25;139;7824;
PR;411725;NOVA PRATA DO IGUAÇU;24;32;75;32;25;10984;24;128;10540;
PB;250380;CALDAS BRANDÃO;24;32;75;32;26;7195;22;123;6077;
MG;311280;CAPITÓLIO;24;32;75;32;30;11893;22;107;8693;
RN;241410;TENENTE ANANIAS;24;32;75;32;32;10463;33;100;10923;
MT;510830;UNIÃO DO SUL;24;33;73;33;19;5430;12;174;3455;
SC;421860;TROMBUDO CENTRAL;24;33;73;33;24;8158;22;138;7506;
MS;500515;JUTI;24;33;73;33;25;7124;24;132;6861;
MT;510680;PORTO DOS GAÚCHOS;24;33;73;33;31;7971;21;106;5344;
SC;421040;MARACAJÁ;24;33;73;33;32;8611;28;103;7461;
GO;520590;CORUMBAÍBA;24;34;71;34;18;7982;23;189;10012;
MG;316095;SÃO DOMINGOS DAS DORES;24;34;71;34;23;6587;20;148;5672;
MG;311180;CANÁPOLIS;24;34;71;34;24;11281;26;142;12251;
RN;240620;LAGOA D'ANTA;24;35;69;35;19;7082;18;184;6851;
MG;316850;TEIXEIRAS;24;35;69;35;34;13084;30;103;11680;
MT;510618;NOVA LACERDA;24;36;67;36;25;7586;23;144;6861;
BA;292145;MIRANTE;24;36;67;36;30;10208;24;120;8264;
PR;410900;GUAPIRAMA;24;37;65;37;10;5328;7;370;3767;
MT;510454;ITANHANGÁ;24;37;65;37;28;8650;23;132;7030;
AL;270780;ROTEIRO;24;37;65;37;30;7723;26;123;6634;
RS;430680;ENCANTADO;24;37;65;37;37;10756;79;100;23047;
CE;230360;CATARINA;24;38;63;38;14;11742;25;271;21041;
PB;250670;IMACULADA;24;38;63;38;31;10927;34;123;11877;
RO;110130;MIRANTE DA SERRA;24;39;62;31;39;9641;43;79;10691;
MA;211125;SÃO JOSÉ DOS BASÍLIOS;24;39;62;39;29;7802;28;134;7639;
SC;420790;IRINEÓPOLIS;24;39;62;39;39;11918;37;100;11354;
PE;261470;TACAIMBÓ;24;39;62;39;43;12298;45;91;12843;
SP;355600;URUPÊS;24;40;60;29;40;15770;35;73;13965;
RS;431645;SALTO DO JACUÍ;24;40;60;40;20;9340;27;200;12512;
BA;292180;MORTUGABA;24;40;60;40;28;11748;29;143;12063;
ES;320013;ÁGUIA BRANCA;24;40;60;40;33;9727;33;121;9621;
PR;411250;JARDIM ALEGRE;24;41;59;41;48;12418;43;85;11067;
BA;290660;CANDIBA;24;42;57;42;30;12631;34;140;14415;
SP;351940;IBIRÁ;24;42;57;42;38;13083;37;111;12639;
BA;290420;BOTUPORÃ;24;43;56;43;27;10788;25;159;10050;
PE;260100;ANGELIM;24;43;56;43;35;11309;35;123;11301;
SC;420350;CAMPO ERÊ;24;43;56;43;43;10744;33;100;8312;
BA;290450;BROTAS DE MACAÚBAS;24;44;55;44;35;12109;31;126;10705;
SE;280390;MALHADOR;24;45;53;45;51;12947;50;88;12689;
RN;240050;ALEXANDRIA;24;46;52;46;50;13727;49;92;13529;
PB;250610;FAGUNDES;24;47;51;39;47;11597;45;83;11180;
MT;510785;SÃO FÉLIX DO ARAGUAIA;24;47;51;47;27;10914;29;174;11934;
GO;520790;FLORES DE GOIÁS;24;48;50;48;15;10674;24;320;17415;
BA;292680;RIO DO ANTÔNIO;24;48;50;48;24;12509;30;200;15521;
MG;310825;BONITO DE MINAS;24;48;50;48;26;10445;29;185;11502;
MG;311260;CAPINÓPOLIS;24;48;50;48;39;16242;39;123;16294;
PI;220350;ELESBÃO VELOSO;24;48;50;48;41;14091;42;117;14550;
MA;210520;IGARAPÉ GRANDE;24;49;49;49;35;11271;36;140;11453;
SP;351030;CAPELA DO ALTO;24;50;48;50;45;13911;68;111;21257;
BA;290130;ANDARAÍ;24;50;48;50;51;13235;51;98;13122;
MS;500124;ARAL MOREIRA;24;53;45;53;28;10229;34;189;12511;
PI;220250;CARACOL;24;53;45;53;45;10583;47;118;11009;
PR;411705;NOVA LARANJEIRAS;24;54;44;54;36;9265;45;150;11462;
CE;230040;AIUABA;24;54;44;54;42;14120;52;129;17584;
GO;520060;ALTO PARAÍSO DE GOIÁS;24;55;44;55;40;9140;34;138;7751;
ES;320517;VILA VALÉRIO;24;56;43;56;44;13490;46;127;14065;
BA;291780;JAGUARIPE;24;58;41;58;57;19620;56;102;19162;
GO;520990;IACIARA;24;59;41;59;27;10513;37;219;14215;
GO;520640;CRIXÁS;24;59;41;59;59;15758;64;100;17136;
MA;211172;SATUBINHA;24;60;40;60;12;8896;19;500;14274;
RS;432140;TENENTE PORTELA;24;61;39;34;61;15416;53;56;13385;
BA;292480;PIRITIBA;24;62;39;62;38;16914;56;163;25162;
SE;280750;TOMAR DO GERU;24;63;38;63;49;12694;52;129;13534;
SE;280440;NEÓPOLIS;24;66;36;66;65;16842;72;102;18688;
PR;412796;TURVO;24;67;36;51;67;17388;50;76;12977;
MA;210325;CIDELÂNDIA;24;73;33;73;38;13936;40;192;14855;
MA;210560;JOSELÂNDIA;24;73;33;73;51;12410;67;143;16228;
RN;240230;CARAÚBAS;24;74;32;54;74;21653;70;73;20588;
SP;350800;BURI;24;74;32;74;54;14058;77;137;20050;
PA;150540;OURÉM;24;77;31;77;91;18910;87;85;18079;
SE;280050;AREIA BRANCA;24;78;31;78;76;18120;79;103;18825;
MA;210440;GONÇALVES DIAS;24;82;29;82;58;15656;66;141;17953;
MA;210375;DAVINÓPOLIS;24;82;29;82;78;14370;70;105;12923;
SP;355040;SÃO PEDRO;24;82;29;82;83;24694;122;99;36298;
AM;130050;BARREIRINHA;24;84;29;84;85;10960;256;99;32919;
BA;292590;QUIJINGUE;24;98;24;98;65;23587;76;151;27672;
SP;354390;RIO CLARO;241;451;53;451;451;131135;720;100;209548;
SP;355240;SUMARÉ;241;534;45;534;426;104857;1178;125;289875;
PE;260290;CABO DE SANTO AGOSTINHO;242;667;36;667;673;152214;932;99;210796;
PR;410765;FAZENDA RIO GRANDE;244;444;55;444;509;88364;598;87;103750;
PR;411915;PINHAIS;244;546;45;445;546;146850;501;82;134788;
PR;410430;CAMPO MOURÃO;245;367;67;367;359;94189;366;102;96102;
SP;354580;SANTA BÁRBARA D'OESTE;246;399;62;399;305;87383;682;131;195278;
PR;410040;ALMIRANTE TAMANDARÉ;246;456;54;456;238;55539;521;192;121420;
PR;412770;TOLEDO;246;546;45;458;546;128854;613;84;144601;
MT;510795;TANGARÁ DA SERRA;247;407;61;407;443;96066;496;92;107631;
BA;291955;LUÍS EDUARDO MAGALHÃES;247;631;39;631;446;74020;558;141;92671;
RJ;330025;ARRAIAL DO CABO;25;104;24;104;119;28298;130;87;30827;
MA;211210;TIMBIRAS;25;144;17;144;107;19277;163;135;29241;
RJ;330620;VASSOURAS;25;151;17;110;151;37680;149;73;37262;
PR;411530;MARIÓPOLIS;25;31;81;31;22;7181;20;141;6655;
PR;411240;JAPURÁ;25;31;81;31;24;9533;24;129;9573;
PE;261590;TUPARETAMA;25;31;81;31;25;7738;27;124;8266;
SC;420950;LAURENTINO;25;31;81;31;30;7647;28;103;7154;
SC;421600;SÃO CARLOS;25;31;81;31;33;10917;35;94;11456;
MT;510619;NOVA SANTA HELENA;25;32;78;32;18;6214;11;178;3755;
MG;316045;SANTO ANTÔNIO DO RETIRO;25;32;78;32;18;7265;18;178;7316;
SP;352740;LUCÉLIA;25;32;78;32;18;8056;50;178;22022;
MT;510310;COCALINHO;25;32;78;32;19;7701;14;168;5716;
MG;312965;IBIRACATU;25;32;78;32;23;6361;19;139;5340;
GO;521210;JOVIÂNIA;25;32;78;32;23;8403;20;139;7417;
PR;412070;QUATIGUÁ;25;32;78;32;29;9085;24;110;7504;
BA;292895;SÃO DOMINGOS;25;34;74;34;21;9389;20;162;9085;
PR;410510;CENTENÁRIO DO SUL;25;34;74;34;29;10040;31;117;10704;
GO;520485;CAMPO LIMPO DE GOIÁS;25;34;74;34;30;10037;24;113;8087;
SP;353640;PAULICÉIA;25;35;71;35;31;9785;24;113;7540;
SC;421420;QUILOMBO;25;35;71;35;39;10929;35;90;9773;
PI;220310;CRISTINO CASTRO;25;37;68;37;43;10649;42;86;10464;
MG;312890;GUIMARÂNIA;25;39;64;39;30;9174;27;130;8168;
CE;230880;MORAÚJO;25;40;63;40;33;8338;35;121;8833;
CE;231040;PARAMOTI;25;41;61;41;29;11298;32;141;12276;
PI;220585;MADEIRO;25;41;61;41;34;8804;32;121;8372;
MG;317170;VIRGÍNIA;25;42;60;42;26;9634;23;162;8652;
GO;520740;EDÉIA;25;43;58;43;48;13907;43;90;12559;
PR;410260;BARRACÃO;25;44;57;37;44;11073;41;84;10347;
PE;261290;SÃO BENEDITO DO SUL;25;44;57;44;22;9123;39;200;16239;
BA;292937;SÃO JOSÉ DO JACUÍPE;25;44;57;44;34;11090;32;129;10546;
SC;420205;BALNEÁRIO BARRA DO SUL;25;44;57;44;42;12506;38;105;11271;
TO;172208;WANDERLÂNDIA;25;45;56;45;25;8912;33;180;11783;
PE;260670;IBIRAJUBA;25;45;56;45;28;7909;28;161;7773;
AL;270090;BELO MONTE;25;46;54;46;31;7926;26;148;6717;
SC;421200;PALMA SOLA;25;46;54;46;33;8217;29;139;7321;
MG;310790;BOM REPOUSO;25;46;54;46;49;13970;37;94;10527;
MS;500345;DEODÁPOLIS;25;46;54;46;49;15620;41;94;13043;
MG;312352;DURANDÉ;25;47;53;47;27;8563;25;174;7898;
MG;316555;SETUBINHA;25;47;53;47;32;10971;37;147;12493;
ES;320270;ITAGUAÇU;25;47;53;47;35;14530;34;134;13982;
PR;412785;TRÊS BARRAS DO PARANÁ;25;48;52;35;48;12214;47;73;12036;
RN;240030;AFONSO BEZERRA;25;49;51;49;28;10430;30;175;11024;
SP;355680;VIRADOURO;25;49;51;49;57;18021;60;86;19133;
BA;292405;PÉ DE SERRA;25;50;50;50;36;14869;33;139;13535;
MG;315550;RIO PARANAÍBA;25;51;49;51;53;16406;40;96;12356;
BA;292420;PEDRO ALEXANDRE;25;54;46;54;37;12682;49;146;16698;
RN;240990;PENDÊNCIAS;25;54;46;54;40;14590;42;135;15411;
MA;210240;CAJAPIÓ;25;55;45;55;42;11116;43;131;11255;
MA;210315;CENTRO DO GUILHERME;25;57;44;57;49;11597;59;116;13876;
PI;220440;GILBUÉS;25;60;42;47;60;11539;56;78;10698;
BA;293040;SERRA PRETA;25;61;41;61;23;15737;21;265;14531;
GO;520530;CAVALCANTE;25;62;40;62;38;9036;41;163;9740;
MG;315400;RAUL SOARES;25;62;40;62;70;25170;66;89;23663;
RN;240895;RIO DO FOGO;25;64;39;64;45;11510;43;142;10961;
MA;210270;CANTANHEDE;25;68;37;68;58;17697;73;117;22236;
PE;260490;CUMARU;25;71;35;57;71;15627;43;80;9494;
BA;293270;URUÇUCA;25;73;34;73;70;16262;87;104;20312;
SC;421900;URUSSANGA;25;73;34;73;75;24964;64;97;21419;
BA;292750;SANTA BÁRBARA;25;76;33;76;49;19215;54;155;20971;
BA;290810;COCOS;25;77;32;77;64;15840;76;120;18835;
ES;320430;PRESIDENTE KENNEDY;25;82;30;64;82;15800;61;78;11741;
SP;353190;MORRO AGUDO;25;86;29;63;86;26436;109;73;33598;
GO;520551;COCALZINHO DE GOIÁS;25;89;28;89;73;22914;66;122;20771;
GO;521740;PIRES DO RIO;25;91;27;91;95;31332;97;96;31909;
MA;210770;PARAIBANO;25;94;27;70;94;20710;98;74;21571;
BA;291480;ITABUNA;250;641;39;537;641;171248;802;84;214123;
SC;420320;CAMBORIÚ;251;469;54;469;389;81999;414;121;87179;
PA;150130;BARCARENA;252;668;38;668;602;115333;675;111;129333;
MA;210300;CAXIAS;253;681;37;681;713;155370;762;96;166159;
MG;311860;CONTAGEM;254;1715;15;1051;1715;450092;2567;61;673849;
RS;431410;PASSO FUNDO;257;662;39;509;662;156512;872;77;206103;
CE;230020;ACARAÚ;258;321;80;321;342;68547;317;94;63556;
MA;210380;DOM PEDRO;26;105;25;105;87;20060;101;121;23393;
MG;311750;CONCEIÇÃO DO MATO DENTRO;26;108;24;90;108;24788;76;83;17438;
RS;430910;GRAMADO;26;120;22;120;122;24848;181;98;36864;
AM;130330;NOVO ARIPUANÃ;26;120;22;120;65;15605;110;185;26443;
BA;290080;ALCOBAÇA;26;120;22;120;94;25096;84;128;22509;
BA;292930;SÃO GONÇALO DOS CAMPOS;26;121;21;121;87;31468;106;139;38315;
AP;160053;PORTO GRANDE;26;133;20;133;86;16380;120;155;22927;
MA;210090;ARAIOSES;26;161;16;161;103;34300;141;156;47095;
MA;210500;HUMBERTO DE CAMPOS;26;163;16;163;143;27478;152;114;29143;
RS;430530;CHAPADA;26;29;90;29;19;10501;17;153;9211;
PR;412620;SAPOPEMA;26;31;84;31;24;7550;21;129;6708;
SP;353475;OUROESTE;26;32;81;32;36;11595;33;89;10712;
PB;250500;CUBATI;26;33;79;33;26;8287;25;127;7866;
ES;320316;LARANJA DA TERRA;26;33;79;33;31;12511;27;106;10919;
SP;355510;TUPI PAULISTA;26;34;76;34;31;15077;32;110;15670;
SP;350740;BORBOREMA;26;35;74;35;35;16218;35;100;16278;
MG;315600;RIO VERMELHO;26;36;72;36;27;13310;26;133;12635;
MS;500440;INOCÊNCIA;26;37;70;37;32;7776;31;116;7566;
RO;110160;THEOBROMA;26;38;68;38;26;9389;29;146;10348;
SP;352020;IGARATÁ;26;38;68;38;35;10868;31;109;9631;
RO;110007;CORUMBIARA;26;39;67;39;25;8067;22;156;7052;
PE;260550;FERREIROS;26;41;63;41;34;12113;34;121;12216;
SC;421160;NOVA VENEZA;26;42;62;42;44;16430;42;95;15515;
SC;421880;TURVO;26;43;60;43;37;12137;40;116;13080;
PR;411670;NOVA AURORA;26;43;60;43;49;14652;34;88;10131;
PI;220253;CARAÚBAS DO PIAUÍ;26;44;59;44;21;6565;19;210;5910;
BA;292265;NORDESTINA;26;45;58;45;34;11262;40;132;13197;
RS;430890;GETÚLIO VARGAS;26;46;57;38;46;15370;48;83;16158;
MT;510628;NOVO SÃO JOAQUIM;26;48;54;48;35;6504;26;137;4837;
BA;291535;ITAGUAÇU DA BAHIA;26;48;54;48;36;11027;48;133;14650;
PR;411605;MISSAL;26;49;53;40;49;13752;38;82;10706;
BA;292710;RODELAS;26;50;52;50;52;9729;51;96;9548;
MA;210610;LORETO;26;51;51;51;38;10007;47;134;12271;
BA;293160;TEOLÂNDIA;26;51;51;51;41;13235;47;124;15097;
GO;522040;SÃO SIMÃO;26;51;51;51;49;17165;61;104;21318;
AL;270360;JAPARATINGA;26;52;50;52;53;10324;43;98;8444;
SE;280270;ILHA DAS FLORES;26;53;49;53;38;9208;35;139;8522;
SP;352130;IPUÃ;26;54;48;45;54;16642;54;83;16794;
MG;310490;BAEPENDI;26;54;48;54;47;19760;46;115;19249;
AL;270280;FLEXEIRAS;26;54;48;54;49;11907;53;110;12823;
AL;270460;MARAVILHA;26;55;47;55;51;10413;43;108;8850;
PR;410440;CÂNDIDO DE ABREU;26;56;46;56;49;15052;48;114;14606;
PB;251690;UIRAÚNA;26;57;46;57;46;15596;45;124;15356;
GO;520010;ABADIÂNIA;26;65;40;65;44;17122;54;148;20873;
AM;130440;URUCURITUBA;26;67;39;67;54;13653;95;124;24098;
RS;430130;ARROIO GRANDE;26;68;38;68;40;13811;53;170;18185;
BA;292260;NILO PEÇANHA;26;68;38;68;41;13593;43;166;14156;
SC;420600;GOVERNADOR CELSO RAMOS;26;69;38;51;69;23084;44;74;14739;
SP;355340;TANABI;26;72;36;56;72;27020;70;78;26231;
AC;120001;ACRELÂNDIA;26;73;36;73;56;12848;69;130;15721;
MG;311370;CARLOS CHAGAS;26;73;36;73;61;20894;54;120;18516;
MA;211100;SÃO JOÃO BATISTA;26;73;36;73;62;21136;61;118;20736;
PB;251190;PITIMBU;26;78;33;78;75;18289;80;104;19478;
SE;280280;INDIAROBA;26;79;33;79;68;16818;74;116;18337;
MG;314520;NOVA SERRANA;261;519;50;519;479;104660;495;108;108241;
SP;351907;HORTOLÂNDIA;261;586;45;493;586;152545;913;84;237570;
SP;352390;ITU;262;434;60;434;273;71712;674;159;177150;
MA;210140;BALSAS;262;646;41;521;646;97554;642;81;96951;
PR;412240;ROLÂNDIA;263;306;86;306;290;73399;269;106;68165;
RO;110030;VILHENA;263;442;60;442;446;96786;482;99;104517;
MT;510840;VÁRZEA GRANDE;263;796;33;796;601;113429;1539;132;290383;
PB;250750;JOÃO PESSOA;264;2991;9;1917;2991;645879;3824;64;825796;
CE;230420;CRATO;265;525;50;525;601;115280;698;87;133913;
SP;352050;INDAIATUBA;267;566;47;566;602;159922;981;94;260690;
MG;314400;MUTUM;27;111;24;77;111;29355;102;69;26945;
RJ;330080;CACHOEIRAS DE MACACU;27;137;20;103;137;38782;211;75;59652;
PR;411295;JURANDA;27;31;87;31;32;9657;24;97;7244;
ES;320150;COLATINA;27;311;9;178;311;84380;458;57;124283;
RN;240240;CARNAÚBA DOS DANTAS;27;33;82;33;20;8215;20;165;8297;
CE;230533;IBICUITINGA;27;33;82;33;36;12696;36;92;12730;
MG;311580;CENTRALINA;27;34;79;34;17;8989;19;200;10343;
SC;421180;OURO;27;34;79;34;22;7461;21;155;7251;
PB;250780;JUNCO DO SERIDÓ;27;35;77;35;26;7638;25;135;7238;
MG;310370;ARAPONGA;27;38;71;38;24;8715;23;158;8467;
TO;170650;DARCINÓPOLIS;27;38;71;38;28;6225;28;136;6250;
TO;170710;DIVINÓPOLIS DO TOCANTINS;27;38;71;38;35;7970;31;109;6986;
PE;260330;CALÇADO;27;38;71;38;37;11221;36;103;10983;
GO;520430;CAÇU;27;38;71;38;41;14282;47;93;16525;
RS;431470;PLANALTO;27;39;69;39;28;10150;27;139;9957;
BA;292790;SANTA INÊS;27;39;69;39;28;11298;26;139;10583;
PB;251680;TRIUNFO;27;40;68;40;20;10037;19;200;9473;
ES;320465;SÃO DOMINGOS DO NORTE;27;41;66;41;33;10235;28;124;8735;
CE;230910;MULUNGU;27;41;66;41;33;10579;35;124;11056;
RN;240080;ANGICOS;27;41;66;41;35;12112;34;117;11695;
TO;170240;ARRAIAS;27;41;66;41;40;10786;39;103;10502;
SE;280340;JAPOATÃ;27;41;66;41;43;11876;49;95;13422;
BA;291740;JACARACI;27;42;64;42;38;14239;40;111;14855;
PI;220030;ALTO LONGÁ;27;43;63;43;29;13745;30;148;14371;
BA;293305;VÁRZEA DA ROÇA;27;43;63;43;35;13866;36;123;14135;
MG;312370;ENGENHEIRO CALDAS;27;45;60;45;26;11081;26;173;11268;
SC;420720;IMARUÍ;27;45;60;45;29;12814;22;155;9764;
SE;280530;PIRAMBU;27;45;60;45;37;9080;38;122;9436;
TO;172080;SÍTIO NOVO DO TOCANTINS;27;45;60;45;46;10271;40;98;8965;
PI;220470;INHUMA;27;46;59;46;46;16114;44;100;15330;
PR;410600;CONGONHINHAS;27;47;57;47;26;8176;28;181;8896;
MG;314470;NOVA ERA;27;47;57;47;41;12888;56;115;17524;
MT;510850;VERA;27;47;57;47;42;10666;46;112;11731;
MG;313230;ITAIPÉ;27;47;57;47;47;11559;53;100;12910;
CE;231190;SABOEIRO;27;48;56;36;48;14371;53;75;15757;
MG;313400;ITINGA;27;48;56;48;33;13509;37;145;15053;
SP;352290;ITAPUÍ;27;48;56;48;40;14235;40;120;14297;
BA;292975;SAUBARA;27;50;54;50;23;12282;23;217;12163;
RO;110040;ALTO PARAÍSO;27;51;53;51;40;12877;70;128;22258;
MG;316255;SÃO JOÃO DO MANHUAÇU;27;54;50;54;42;10753;46;129;11785;
RJ;330110;CANTAGALO;27;55;49;55;60;22029;55;92;20163;
MG;314915;PEDRAS DE MARIA DA CRUZ;27;56;48;56;19;9897;24;295;12313;
RS;431570;RIO PARDO;27;56;48;56;44;14759;113;127;38257;
PI;221080;SIMPLÍCIO MENDES;27;57;47;46;57;14026;52;81;12778;
MA;211065;SÃO DOMINGOS DO AZEITÃO;27;58;47;58;23;7068;24;252;7448;
PA;150613;REDENÇÃO;233;424;55;424;494;77037;554;86;86326;
AL;270642;PARICONHA;24;39;62;39;40;10270;41;98;10546;
AL;270644;PARIPUEIRA;25;65;38;65;57;11514;67;114;13484;
AL;270060;BARRA DE SÃO MIGUEL;24;55;44;55;53;10972;41;104;8434;
MT;510622;NOVA MUTUM;247;361;68;361;410;65696;301;88;48222;
PB;250430;CATOLÉ DO ROCHA;25;93;27;93;104;27452;117;89;30819;
BA;291690;ITIRUÇU;26;40;65;40;32;11875;34;125;12482;
BA;292080;MARCIONÍLIO SOUZA;27;45;60;45;29;9629;31;155;10357;
PI;220110;AVELINO LOPES;27;59;46;59;60;12716;54;98;11361;
MA;210235;BURITIRANA;27;60;45;46;60;13492;69;77;15503;
MT;510030;ALTO ARAGUAIA;27;60;45;60;46;16649;54;130;19714;
RO;110094;CUJUBIM;27;61;44;61;27;11975;61;226;27131;
PE;261140;PRIMAVERA;27;64;42;64;31;11976;39;206;15231;
MG;314460;NEPOMUCENO;27;64;42;64;45;17691;69;142;26882;
MT;510682;PORTO ESPERIDIÃO;27;64;42;64;52;14321;44;123;12176;
PR;411780;PALMITAL;27;65;42;40;65;14726;56;62;12755;
BA;291140;GLÓRIA;27;65;42;52;65;14352;69;80;15247;
PA;150740;SÃO FRANCISCO DO PARÁ;27;65;42;65;56;15915;56;116;15978;
PI;220750;PALMEIRAIS;27;68;40;68;50;13185;56;136;14633;
PI;220850;PORTO;27;70;39;50;70;12621;70;71;12646;
BA;290760;CENTRAL;27;70;39;70;64;16750;66;109;17293;
AC;120042;RODRIGUES ALVES;27;74;36;74;73;13335;108;101;19767;
BA;292310;OLINDINA;27;76;36;76;55;18654;83;138;28373;
RJ;330100;CAMPOS DOS GOYTACAZES;27;780;3;300;780;185472;2163;38;514643;
AM;130002;ALVARÃES;27;80;34;80;87;12969;110;92;16396;
PA;150030;AFUÁ;27;81;33;81;93;12374;300;87;39910;
BA;291610;ITAPARICA;27;86;31;86;63;18690;76;137;22440;
BA;290110;AMÉLIA RODRIGUES;27;87;31;87;45;20545;55;193;24997;
GO;521220;JUSSARA;27;88;31;71;88;22859;70;81;18266;
PI;221130;VALENÇA DO PIAUÍ;27;96;28;69;96;23607;85;72;20940;
CE;230770;MARANGUAPE;270;441;61;441;389;108794;471;113;131677;
ES;320530;VITÓRIA;271;1110;24;444;1110;288958;1420;40;369534;
RN;240800;MOSSORÓ;271;746;36;746;760;204956;1127;98;303792;
SP;352900;MARÍLIA;272;610;45;482;610;159847;925;79;242249;
SP;351630;FRANCISCO MORATO;276;612;45;612;624;128093;874;98;179372;
SP;355100;SÃO VICENTE;276;755;37;755;484;139225;1288;156;370839;
PA;150215;CANAÃ DOS CARAJÁS;278;745;37;447;745;80211;363;60;39103;
PB;251080;PATOS;279;427;65;427;426;105300;440;100;108766;
AC;120033;MÂNCIO LIMA;28;109;26;109;94;18847;98;116;19643;
PR;411770;PALMEIRA;28;133;21;58;133;33756;134;44;34109;
ES;320332;MARATAÍZES;28;170;16;108;170;41534;161;64;39259;
PA;150375;JACAREACANGA;28;263;11;98;263;9921;184;37;6952;
RS;430120;ARROIO DO TIGRE;28;35;80;35;22;9036;33;159;13452;
PR;410890;GUAIRAÇÁ;28;35;80;35;25;7336;23;140;6635;
PR;412600;SÃO SEBASTIÃO DA AMOREIRA;28;35;80;35;26;8831;26;135;8865;
SP;355110;SARAPUÍ;28;37;76;37;21;9144;24;176;10493;
PB;250240;BONITO DE SANTA FÉ;28;37;76;37;28;10308;33;132;12126;
SC;421470;RIO DOS CEDROS;28;37;76;37;29;13139;26;128;11937;
BA;291620;ITAPÉ;28;37;76;37;38;11176;28;97;8300;
PR;412870;VITORINO;28;37;76;37;40;9121;30;93;6879;
MG;314910;PEDRALVA;28;37;76;37;41;12440;37;90;11098;
MG;311610;CHAPADA DO NORTE;28;38;74;38;16;11329;21;238;15334;
TO;171750;PIUM;28;38;74;38;21;6964;24;181;7830;
SC;420120;ANTÔNIO CARLOS;28;38;74;38;38;11524;29;100;8712;
MG;311130;CAMPO DO MEIO;28;40;70;40;45;13563;39;89;11648;
MS;500085;ANGÉLICA;28;41;68;41;42;11365;41;98;11081;
MG;315170;POÇO FUNDO;28;41;68;41;46;17527;44;89;16900;
ES;320290;ITARANA;28;42;67;42;34;11529;31;124;10433;
MG;312595;FERVEDOURO;28;43;65;43;39;11566;37;110;11100;
PR;410700;CURIÚVA;28;43;65;43;42;15322;42;102;15289;
PI;220610;MATIAS OLÍMPIO;28;43;65;43;47;11880;43;91;10979;
PI;220865;QUEIMADA NOVA;28;44;64;44;25;10002;23;176;9041;
SC;420400;CATANDUVAS;28;44;64;44;52;11990;48;85;11106;
TO;170070;ALVORADA;28;45;62;36;45;11102;34;80;8381;
RS;430010;AGUDO;28;45;62;45;30;11968;41;150;16344;
MG;312570;FELIXLÂNDIA;28;45;62;45;35;16186;34;129;15528;
SP;353140;MONTE APRAZÍVEL;28;45;62;45;45;18489;63;100;25651;
AL;270790;SANTA LUZIA DO NORTE;28;46;61;46;33;7998;30;139;7344;
PB;251180;PIRPIRITUBA;28;47;60;47;27;9002;32;174;10590;
CE;231390;URUOCA;28;47;60;47;49;13805;50;96;13988;
BA;293060;SERROLÂNDIA;28;48;58;40;48;13416;48;83;13490;
SC;421760;SIDERÓPOLIS;28;49;57;49;29;14354;29;169;14176;
MT;510718;RIBEIRÃO CASCALHEIRA;28;49;57;49;39;8725;47;126;10450;
SP;351100;CASTILHO;28;50;56;50;57;19720;62;88;21521;
PE;261120;POÇÃO;28;51;55;51;38;12792;34;134;11308;
CE;230837;MIRAÍMA;28;51;55;51;43;12528;48;119;13965;
SP;353300;NOVA GRANADA;28;52;54;52;39;12676;68;133;21871;
PR;411400;MAMBORÊ;28;53;53;34;53;14187;48;64;12900;
PA;150555;PAU D'ARCO;28;53;53;44;53;7876;36;83;5339;
PR;410030;AGUDOS DO SUL;28;53;53;53;31;9326;32;171;9567;
RN;240610;JUCURUTU;28;53;53;53;62;18965;60;85;18335;
CE;230465;GRAÇA;28;54;52;54;38;14211;39;142;14415;
AL;270480;MARIBONDO;28;57;49;57;48;14138;45;119;13123;
PR;410120;ANTONINA;28;57;49;57;63;16837;71;90;18919;
MG;310450;ARINOS;28;58;48;58;56;17187;58;104;17850;
RS;430280;CAÇAPAVA DO SUL;28;58;48;58;61;20759;99;95;33476;
MG;311270;CAPITÃO ENÉAS;28;59;47;59;50;14535;53;118;15388;
MS;500800;TERENOS;28;60;47;60;36;15013;54;167;22721;
GO;522060;SILVÂNIA;28;61;46;61;67;21986;64;91;20938;
MG;313330;ITAOBIM;28;62;45;62;64;20979;64;97;20997;
AM;130008;ANAMÃ;28;63;44;63;43;12081;51;147;14292;
AL;270255;ESTRELA DE ALAGOAS;28;63;44;63;61;18164;61;103;18304;
RJ;330440;RIO CLARO;28;64;44;64;52;21510;45;123;18677;
BA;290260;BAIXA GRANDE;28;67;42;67;37;15607;48;181;20431;
PR;412215;RIO BONITO DO IGUAÇU;28;67;42;67;71;15121;62;94;13240;
MA;211178;SERRANO DO MARANHÃO;28;71;39;71;45;11875;39;158;10343;
CE;231355;TURURU;28;71;39;71;73;16619;73;97;16588;
AP;160015;PEDRA BRANCA DO AMAPARI;28;72;39;72;52;11851;78;138;17625;
BA;290360;BIRITINGA;28;73;38;73;55;16279;54;133;15989;
MG;313920;MALACACHETA;28;76;37;76;64;18199;65;119;18556;
PE;261600;VENTUROSA;28;76;37;76;66;17285;72;115;18835;
MA;210740;OLHO D'ÁGUA DAS CUNHÃS;28;80;35;57;80;19064;82;71;19616;
MA;211030;SANTO ANTÔNIO DOS LOPES;28;80;35;80;79;15636;73;101;14516;
PI;220520;JAICÓS;28;83;34;83;80;18230;84;104;19233;
MA;210355;CONCEIÇÃO DO LAGO-AÇU;28;84;33;84;65;16772;64;129;16559;
SP;350270;APIAÍ;28;85;33;85;90;21807;99;94;24081;
GO;520005;ABADIA DE GOIÁS;28;86;33;72;86;13167;60;84;9158;
BA;293120;TAPEROÁ;28;89;31;89;43;15685;59;207;21421;
PR;410840;FRANCISCO BELTRÃO;281;430;65;430;370;88693;389;116;93308;
PR;412550;SÃO JOSÉ DOS PINHAIS;284;946;30;946;913;211895;1442;104;334620;
SP;350410;ATIBAIA;287;588;49;464;588;134574;635;79;145378;
PA;150680;SANTARÉM;289;1320;22;1320;1421;208515;2102;93;308339;
PA;150140;BELÉM;289;2148;13;2148;1910;474187;6068;112;1506420;
CE;230640;ITAPIPOCA;289;688;42;688;611;127745;630;113;131687;
MG;316070;SANTOS DUMONT;29;102;28;102;109;33994;149;94;46357;
MA;210670;MIRADOR;29;104;28;104;96;18845;107;108;21045;
PR;411930;PINHÃO;29;133;22;88;133;27447;158;66;32722;
RS;431740;SANTIAGO;29;155;19;84;155;43539;175;54;49298;
SC;421530;SALETE;29;33;88;33;16;8681;14;206;7674;
CE;230080;ANTONINA DO NORTE;29;33;88;33;21;7800;20;157;7402;
MG;314345;MONTEZUMA;29;34;85;34;16;7339;18;213;8379;
RS;430064;AMETISTA DO SUL;29;36;81;36;25;8305;22;144;7396;
RS;430060;ALVORADA;272;562;48;562;657;168599;827;86;212352;
PR;412535;SÃO JORGE DO PATROCÍNIO;28;33;85;33;30;7334;23;110;5532;
RS;430240;BOM RETIRO DO SUL;28;43;65;43;32;10837;37;134;12448;
MG;317103;VERDELÂNDIA;28;45;62;45;30;7985;36;150;9527;
SP;353600;PARAPUÃ;29;37;78;37;28;11344;27;132;10934;
PR;410250;BARBOSA FERRAZ;29;37;78;37;33;11757;32;112;11287;
PR;412860;VERÊ;29;38;76;38;36;9165;28;106;7094;
PR;410305;BOA VISTA DA APARECIDA;29;39;74;39;31;9783;24;126;7524;
BA;292850;SANTA TERESINHA;29;39;74;39;34;11391;31;115;10520;
GO;520080;ALVORADA DO NORTE;29;40;73;40;35;9477;32;114;8749;
PR;411727;NOVA TEBAS;29;40;73;40;41;8689;25;98;5252;
MG;311200;CANDEIAS;29;41;71;41;35;15613;33;117;14890;
TO;171620;PARANÃ;29;41;71;41;44;10963;42;93;10426;
PE;261520;TERRA NOVA;29;42;69;42;29;9631;31;145;10314;
MT;510080;APIACÁS;29;43;67;43;21;8870;25;205;10431;
PR;410190;ASSAÍ;29;43;67;43;30;11728;38;143;14792;
MG;310470;ATALÉIA;29;44;66;44;28;13386;26;157;12496;
PI;220070;ANÍSIO DE ABREU;29;44;66;44;35;10286;34;126;9994;
PR;412510;SÃO JOÃO DO TRIUNFO;29;45;64;45;43;13912;47;105;15359;
PB;250570;DONA INÊS;29;46;63;46;41;10970;39;112;10375;
MG;316100;SÃO DOMINGOS DO PRATA;29;46;63;46;52;19185;47;88;17296;
CE;230980;PACOTI;29;47;62;39;47;12047;48;83;12313;
PR;410500;CATANDUVAS;29;48;60;48;15;5502;28;320;10144;
TO;171420;NATIVIDADE;29;48;60;48;33;9718;31;145;9256;
BA;291735;JABORANDI;29;48;60;48;39;10914;29;123;8176;
MG;315490;RIO CASCA;29;49;59;49;36;13229;36;136;13384;
SP;351540;FARTURA;29;50;58;50;37;12417;48;135;16102;
RN;240070;ALTO DO RODRIGUES;29;51;57;51;42;13871;45;121;14923;
RS;431780;SANTO AUGUSTO;29;52;56;40;52;15555;46;77;13813;
MT;510895;NOVA MONTE VERDE;29;53;55;53;29;9178;30;183;9375;
BA;291820;JIQUIRIÇÁ;29;53;55;53;39;14731;39;136;14576;
AL;270180;CARNEIROS;29;53;55;53;43;9101;45;123;9568;
TO;170380;BURITI DO TOCANTINS;29;55;53;55;35;9688;42;157;11644;
BA;293220;UBAITABA;29;55;53;55;56;12380;84;98;18647;
PB;250980;MULUNGU;29;56;52;56;33;10406;32;170;9962;
BA;292350;PALMEIRAS;29;57;51;44;57;12175;43;77;9123;
AL;270740;PORTO DE PEDRAS;29;57;51;57;42;9505;34;136;7618;
PA;150500;NOVA TIMBOTEUA;29;58;50;58;31;14260;34;187;15646;
AL;270600;OLIVENÇA;29;59;49;59;44;12080;43;134;11681;
SC;420665;GUATAMBÚ;29;61;48;47;61;8945;32;77;4692;
SP;351860;GUARIBA;29;63;46;63;28;7913;147;225;40857;
AP;160080;VITÓRIA DO JARI;29;63;46;63;44;10461;69;143;16572;
PA;150497;NOVA IPIXUNA;29;63;46;63;46;12964;61;137;17027;
MG;315430;RESPLENDOR;29;63;46;63;52;17031;53;121;17396;
BA;290030;ACAJUTIBA;29;63;46;63;58;16232;54;109;15214;
SP;354080;POTIRENDABA;29;64;45;44;64;19933;57;69;17668;
RS;430230;BOM JESUS;29;64;45;64;48;11830;46;133;11270;
SP;352920;MARTINÓPOLIS;29;70;41;54;70;20767;90;77;26791;
MA;210535;ITAIPAVA DO GRAJAÚ;29;76;38;76;63;12285;83;121;16158;
BA;291550;ITAJUÍPE;29;76;38;76;65;17467;76;117;20309;
RN;240720;MACAU;29;82;35;82;87;28089;100;94;32260;
PA;150565;PLACAS;29;83;35;83;26;10114;82;319;32325;
SE;280480;NOSSA SENHORA DO SOCORRO;291;847;34;847;744;143921;970;114;187733;
BA;292530;PORTO SEGURO;292;813;36;813;798;144580;842;102;152529;
SP;352590;JUNDIAÍ;295;801;37;534;801;181651;1882;67;426935;
PR;412810;UMUARAMA;296;435;68;435;397;105209;428;110;113416;
PR;410690;CURITIBA;2990;4361;69;4361;5108;1484408;6758;85;1963726;
GO;521060;ITAGUARU;3;10;30;10;10;5830;9;100;5184;
RS;430970;HUMAITÁ;3;10;30;10;11;5218;10;91;4712;
TO;172025;SÃO SALVADOR DO TOCANTINS;3;10;30;10;6;2717;7;167;3106;
MG;310550;BARÃO DE MONTE ALTO;3;10;30;10;8;5750;7;125;5311;
RS;430410;CAMPOS BORGES;3;10;30;5;10;3984;8;50;3272;
MT;510395;GLÓRIA D'OESTE;3;10;30;7;10;3556;8;70;2990;
MG;311205;CANTAGALO;3;10;30;8;10;4069;11;80;4575;
RJ;330480;SÃO FIDÉLIS;3;100;3;71;100;36082;107;71;38749;
GO;520082;AMARALINA;3;11;27;11;2;4036;2;550;3875;
MG;312740;GONÇALVES;3;11;27;11;7;5106;6;157;4360;
RS;430740;ESMERALDA;3;11;27;11;8;3555;7;138;3291;
RS;431477;PONTÃO;3;11;27;6;11;4029;11;55;3898;
RS;432290;VIADUTOS;3;11;27;7;11;5262;10;64;4628;
SP;350450;AVARÉ;3;115;3;14;115;27671;380;12;91792;
SC;421985;ZORTÉA;3;12;25;10;12;4545;9;83;3432;
RS;430380;CAMPINAS DO SUL;3;12;25;10;12;5970;11;83;5422;
MG;313610;JOANÉSIA;3;12;25;12;11;5253;9;109;4382;
PI;220775;PASSAGEM FRANCA DO PIAUÍ;3;12;25;12;13;3874;14;92;4331;
MG;312310;DORES DE GUANHÃES;3;12;25;12;14;5276;14;86;5139;
PB;251520;SÃO SEBASTIÃO DO UMBUZEIRO;3;12;25;12;9;3931;8;133;3534;
SC;421915;VARGEM;3;12;25;8;12;3970;7;67;2387;
MG;310120;AIURUOCA;3;13;23;10;13;6553;12;77;5949;
MG;314820;PATROCÍNIO DO MURIAÉ;3;13;23;13;4;5875;4;325;5744;
RN;240790;MONTE DAS GAMELEIRAS;3;13;23;6;13;2671;10;46;2063;
SC;421680;SÃO JOSÉ DO CERRITO;3;13;23;6;13;5012;21;46;8054;
PB;251350;SANTANA DE MANGUEIRA;3;14;21;9;14;5136;14;64;5098;
RS;431400;PARAÍ;3;15;20;10;15;7088;17;67;7793;
TO;170830;GOIANORTE;3;15;20;12;15;5455;14;80;5136;
SP;351270;CORUMBATAÍ;3;15;20;15;13;4308;12;115;4072;
RN;241210;SÃO JOÃO DO SABUGI;3;15;20;15;13;6413;13;115;6221;
GO;520552;COLINAS DO SUL;3;15;20;15;8;3906;7;188;3339;
PA;150120;BAIÃO;3;158;2;158;66;20430;160;239;49454;
MG;310810;BONFIM;3;16;19;12;16;7960;14;75;6852;
MS;500080;ANAURILÂNDIA;3;16;19;16;16;7076;20;100;9116;
RS;432310;VICENTE DUTRA;3;16;19;6;16;4982;15;38;4530;
RO;110146;PIMENTEIRAS DO OESTE;3;17;18;17;15;2629;12;113;2127;
SP;355200;SILVEIRAS;3;17;18;17;15;6651;14;113;6375;
MG;314950;PEQUERI;3;17;18;17;7;4086;6;243;3340;
MG;315740;SANTA CRUZ DO ESCALVADO;3;17;18;17;8;4846;8;213;4693;
RJ;330320;NILÓPOLIS;3;173;2;49;173;53324;529;28;162893;
GO;522230;VILA PROPÍCIO;3;18;17;18;17;6644;15;106;5941;
MG;311760;CONCEIÇÃO DO PARÁ;3;19;16;12;19;6451;16;63;5558;
PI;220273;COIVARAS;3;19;16;19;17;4514;15;112;4044;
MS;500150;BANDEIRANTES;3;20;15;20;23;6484;26;87;7281;
MG;316150;SÃO GERALDO;3;21;14;21;16;9535;21;131;12751;
GO;521170;JANDAIA;3;22;14;11;22;7224;18;50;6001;
MG;312240;DIVISA NOVA;3;23;13;12;23;6580;21;52;6039;
SP;353820;PINHALZINHO;3;23;13;18;23;8233;43;78;15564;
MS;500780;SELVÍRIA;3;23;13;23;25;8732;19;92;6555;
MT;510490;JANGADA;3;24;13;13;24;7440;27;54;8420;
MG;315725;SANTA BÁRBARA DO LESTE;3;24;13;19;24;9070;22;79;8212;
RN;241475;VENHA-VER;3;24;13;24;10;4150;10;240;4232;
MG;314875;PEDRA BONITA;3;28;11;23;28;7336;27;82;7157;
PA;150690;SANTARÉM NOVO;3;29;10;29;13;4379;20;223;6796;
SP;350470;BALBINOS;3;3;100;3;0;2032;1;0;6127;
RS;432360;VISTA ALEGRE DO PRATA;3;3;100;3;1;1858;1;300;1553;
MG;312350;DOURADOQUARA;3;3;100;3;1;2022;1;300;1915;
RS;431971;SÃO VALENTIM DO SUL;3;3;100;3;1;2785;1;300;2248;
RS;431344;NOVO TIRADENTES;3;3;100;3;2;2451;2;150;2189;
SP;351590;FLOREAL;3;3;100;3;2;3067;2;150;2884;
GO;521205;JESÚPOLIS;3;3;100;3;3;2628;3;100;2497;
RS;430087;ARARICÁ;3;30;10;22;30;7673;23;73;5840;
PI;220670;NAZARÉ DO PIAUÍ;3;31;10;31;24;7510;23;129;7307;
RN;240430;GOVERNADOR DIX-SEPT ROSADO;3;31;10;31;34;11893;38;91;13115;
RS;432130;TAQUARI;3;32;9;11;32;14814;58;34;26907;
PA;150200;CACHOEIRA DO ARARI;3;32;9;32;36;8758;99;89;24355;
RN;240670;LAJES;3;33;9;33;23;9677;27;143;11410;
RS;431480;PORTÃO;3;34;9;18;34;12441;103;53;38081;
MG;314690;PAPAGAIOS;3;35;9;35;37;11575;51;95;15922;
MG;311850;CONSOLAÇÃO;3;4;75;3;4;1958;4;75;1786;
RS;431333;NOVA RAMADA;3;4;75;3;4;2563;3;75;2195;
SP;351420;DOLCINÓPOLIS;3;4;75;3;4;2782;3;75;2108;
CE;230300;CARIDADE;29;58;50;58;38;13715;63;153;23011;
RJ;330412;QUATIS;3;36;8;17;36;11650;45;47;14562;
RS;431217;MATO QUEIMADO;3;4;75;4;3;2064;2;133;1611;
RS;431795;SANTO EXPEDITO DO SUL;3;4;75;4;3;2412;3;133;2287;
SC;420209;BARRA BONITA;3;4;75;4;4;2060;3;100;1625;
RS;430885;GENTIL;3;4;75;4;4;2242;3;100;1619;
RS;431475;POÇO DAS ANTAS;3;4;75;4;4;2532;3;100;2105;
RS;431845;SÃO JOSÉ DAS MISSÕES;3;4;75;4;4;2701;4;100;2491;
SP;354323;RIBEIRÃO DOS ÍNDIOS;3;5;60;3;5;2558;4;60;2222;
SP;355590;URU;3;5;60;4;5;1864;3;80;1142;
PR;411005;IGUATU;3;5;60;4;5;2654;4;80;2251;
RS;430655;DOM PEDRO DE ALCÂNTARA;3;5;60;4;5;3000;4;80;2520;
SP;355715;ZACARIAS;3;5;60;4;5;3476;4;80;2784;
RS;430047;ALMIRANTE TAMANDARÉ DO SUL;3;5;60;5;2;2239;2;250;1935;
RS;430585;COQUEIROS DO SUL;3;5;60;5;4;2657;3;125;2267;
MG;317220;WENCESLAU BRAZ;3;5;60;5;4;2758;4;125;2543;
TO;170360;BRASILÂNDIA DO TOCANTINS;3;5;60;5;5;2227;5;100;2221;
SP;351090;CÁSSIA DOS COQUEIROS;3;5;60;5;5;2920;4;100;2488;
GO;521920;SANTA CRUZ DE GOIÁS;3;5;60;5;5;3055;5;100;2782;
RJ;330120;CARMO;3;54;6;23;54;18319;56;43;19161;
SC;420895;JARDINÓPOLIS;3;6;50;5;6;2098;4;83;1520;
SP;355475;TRABIJU;3;4;75;4;4;2187;3;100;1752;
MG;313080;INGAÍ;3;6;50;5;6;2984;6;83;2785;
RS;430066;ANDRÉ DA ROCHA;3;6;50;6;1;1410;1;600;1351;
RS;431075;IVORÁ;3;6;50;6;1;2437;1;600;1854;
RS;431505;PORTO MAUÁ;3;6;50;6;1;2599;1;600;2332;
SC;420757;IOMERÊ;3;6;50;6;3;3900;2;200;2979;
PR;411065;IRACEMA DO OESTE;3;6;50;6;4;2870;3;150;2216;
PI;221170;WALL FERRAZ;3;6;50;6;5;4472;5;120;4479;
SC;420920;LACERDÓPOLIS;3;6;50;6;6;2734;5;100;2248;
SP;355365;TAQUARAL;3;6;50;6;6;3587;5;100;2815;
MG;316020;SANTO ANTÔNIO DO ITAMBÉ;3;6;50;6;6;4024;6;100;3763;
MG;313790;LAMIM;3;6;50;6;7;3975;6;86;3366;
PR;411590;MIRADOR;3;7;43;4;7;2213;7;57;2180;
MG;310070;ÁGUA COMPRIDA;3;7;43;4;7;2674;5;57;1986;
RS;430560;COLORADO;3;7;43;4;7;3834;6;57;3088;
RS;430215;BOA VISTA DAS MISSÕES;3;7;43;7;5;2567;4;140;2087;
GO;520850;GOIANDIRA;3;7;43;7;7;5694;7;100;5650;
MG;316610;SENHORA DO PORTO;3;7;43;7;8;3143;9;88;3516;
MG;310360;ARANTINA;3;8;38;5;8;2985;7;63;2779;
SP;350090;ALTAIR;3;8;38;5;8;4048;8;63;4211;
RS;430258;BOZANO;3;8;38;6;8;2706;6;75;2099;
PI;220460;HUGO NAPOLEÃO;3;8;38;6;8;4084;8;75;3880;
RS;431342;NOVO MACHADO;3;8;38;8;5;3483;5;160;3191;
GO;520310;BALIZA;3;8;38;8;5;4275;6;160;5418;
RS;431445;PINHAL;3;8;38;8;6;3108;5;133;2581;
MG;311520;CONCEIÇÃO DA BARRA DE MINAS;3;8;38;8;6;4175;6;133;3939;
SC;421020;MAJOR GERCINO;3;8;38;8;7;3787;6;114;3465;
RS;431860;SÃO JOSÉ DO OURO;3;9;33;5;9;3477;18;56;6911;
MG;312850;GUARARÁ;3;9;33;7;9;4306;8;78;3755;
MG;312270;DOM SILVÉRIO;3;9;33;7;9;5675;8;78;5227;
SP;350315;ARAPEÍ;3;9;33;9;1;2694;1;900;2452;
MT;510729;SÃO JOSÉ DO POVO;3;9;33;9;2;2844;3;450;4102;
PI;220945;SANTO ANTÔNIO DOS MILAGRES;3;9;33;9;4;2150;4;225;2172;
SC;421205;PALMEIRA;3;9;33;9;5;3045;4;180;2673;
RS;431500;PORTO LUCENA;3;9;33;9;5;4801;5;180;4514;
GO;520630;CRISTIANÓPOLIS;3;9;33;9;7;3978;5;129;2962;
BA;291870;LAFAIETE COUTINHO;3;9;33;9;7;4478;6;129;3663;
PB;251274;RIACHÃO;3;9;33;9;8;3464;8;113;3650;
RS;431113;JARI;3;9;33;9;8;3683;8;113;3472;
MG;310250;AMPARO DO SERRA;3;9;33;9;8;4634;8;113;4643;
PE;261340;SÃO JOSÉ DA COROA GRANDE;30;100;30;100;73;19353;83;137;21868;
MA;210542;ITINGA DO MARANHÃO;30;102;29;102;71;21100;88;144;26134;
MG;310560;BARBACENA;30;305;10;173;305;97817;434;57;139061;
SC;420150;ARMAZÉM;30;34;88;34;29;9181;28;117;8843;
BA;291010;DOM BASÍLIO;30;37;81;37;35;12997;33;106;12281;
CE;230050;ALCÂNTARAS;30;40;75;40;32;11628;33;125;11846;
BA;292570;PRESIDENTE JÂNIO QUADROS;30;40;75;40;40;13673;35;100;12028;
PI;220500;ITAINÓPOLIS;30;41;73;41;29;11396;29;141;11571;
SC;421380;PRAIA GRANDE;30;41;73;41;29;8536;25;141;7305;
RS;432100;TAPERA;30;41;73;41;35;11602;32;117;10569;
MG;315080;PIRANGA;30;43;70;43;43;16774;45;100;17641;
PB;251550;SERRA BRANCA;30;43;70;43;48;14521;46;90;13807;
PR;410865;GOIOXIM;30;44;68;44;31;7453;29;142;6997;
PR;411510;MARILUZ;30;44;68;44;44;11279;40;100;10327;
BA;290515;CAETANOS;30;47;64;47;25;12396;29;188;14671;
SP;350880;CAFELÂNDIA;30;47;64;47;54;14558;66;87;17917;
SP;351450;DUARTINA;30;48;63;39;48;15349;39;81;12421;
MT;510040;ALTO GARÇAS;30;48;63;48;38;13503;35;126;12323;
GO;521270;MAMBAÍ;30;49;61;49;33;8362;37;148;9277;
PR;411575;MAUÁ DA SERRA;30;49;61;49;46;11241;45;107;10994;
MG;311410;CARMO DE MINAS;30;50;60;50;39;14063;42;128;15031;
RO;110170;URUPÁ;30;51;59;51;42;11834;39;121;11081;
SP;355190;SEVERÍNIA;30;51;59;51;51;16256;56;100;17820;
RS;432166;TRÊS CACHOEIRAS;30;53;57;53;43;12725;38;123;11174;
SP;353700;PEDREGULHO;30;53;57;53;52;15748;56;102;16876;
RN;240180;BREJINHO;30;54;56;54;55;15186;47;98;12873;
MA;210745;OLINDA NOVA DO MARANHÃO;30;55;55;55;62;14659;63;89;14968;
CE;230820;MERUOCA;30;56;54;56;56;15943;54;100;15309;
SP;355160;SERRA NEGRA;30;56;54;56;60;20911;85;93;29669;
MA;211285;VILA NOVA DOS MARTÍRIOS;30;58;52;58;36;10231;49;161;13800;
SP;352170;ITABERÁ;30;58;52;58;44;13113;58;132;17405;
PE;260795;JAQUEIRA;30;60;50;60;45;10217;51;133;11632;
MS;500260;CAMAPUÃ;30;60;50;60;55;14335;52;109;13675;
SP;350810;BURITAMA;30;61;49;40;61;18884;56;66;17414;
RO;110037;ALTO ALEGRE DOS PARECIS;30;63;48;63;42;12807;43;150;13268;
BA;291500;ITAETÉ;30;65;46;65;48;12848;60;135;16164;
BA;290035;ADUSTINA;30;66;45;66;34;13899;42;194;17209;
BA;293030;SERRA DOURADA;30;67;45;56;67;16090;72;84;17261;
BA;291180;GUARATINGA;30;69;43;69;57;16640;70;121;20565;
BA;290800;COARACI;30;73;41;73;72;18539;63;101;16128;
SE;280100;CAMPO DO BRITO;30;73;41;73;80;19204;76;91;18325;
PI;221040;SÃO MIGUEL DO TAPUIO;30;76;39;76;64;19896;57;119;17617;
MA;210720;NINA RODRIGUES;30;77;39;77;48;11222;64;160;14826;
MA;210880;PIRAPEMAS;30;77;39;77;69;16272;80;112;18814;
RS;431130;LAGOA VERMELHA;30;80;38;40;80;19361;114;50;27751;
GO;520890;GOIÁS;30;80;38;59;80;21692;82;74;22122;
MA;210420;FORTUNA;30;80;38;80;75;16257;82;107;17812;
PR;411430;MANDIRITUBA;30;81;37;81;84;22822;102;96;27750;
RN;240110;AREIA BRANCA;30;83;36;83;88;25148;98;94;28156;
PR;412405;SANTA TEREZINHA DE ITAIPU;30;92;33;76;92;27150;81;83;23927;
PE;260160;BELÉM DO SÃO FRANCISCO;30;94;32;94;63;16976;77;149;20730;
AC;120013;BUJARI;30;97;31;67;97;10983;93;69;10572;
RS;430460;CANOAS;300;1044;29;826;1044;246159;1483;79;349728;
CE;230765;MARACANAÚ;301;1388;22;919;1388;230848;1389;66;230986;
SP;352230;ITAPETININGA;303;459;66;459;335;89548;626;137;167106;
SP;352440;JACAREÍ;303;823;37;592;823;223515;873;72;237119;
CE;230440;FORTALEZA;3037;10180;30;7142;10180;2458842;11193;70;2703391;
PE;260600;GARANHUNS;308;707;44;577;707;137089;729;82;141347;
MA;211120;SÃO JOSÉ DE RIBAMAR;308;961;32;961;885;166410;959;109;180345;
GO;521880;RIO VERDE;309;586;53;586;624;145785;1059;94;247259;
GO;520330;BELA VISTA DE GOIÁS;31;114;27;114;117;29027;125;97;31004;
RJ;330385;PATY DO ALFERES;31;114;27;84;114;30133;106;74;27942;
RS;431370;PALMEIRA DAS MISSÕES;31;122;25;89;122;29406;137;73;32967;
BA;292860;SANTO AMARO;31;157;20;157;127;44040;173;124;60190;
MG;314070;MATEUS LEME;31;165;19;107;165;41872;125;65;31631;
MG;313470;JACINTO;31;39;79;39;25;12355;25;156;12320;
BA;290050;ÉRICO CARDOSO;31;39;79;39;31;11156;29;126;10513;
PR;412260;RONDON;31;43;72;43;30;9776;30;143;9664;
PI;220490;ISAÍAS COELHO;31;43;72;43;32;9119;30;134;8582;
RN;241040;PUREZA;31;44;70;44;27;9558;28;163;9825;
RS;432110;TAPES;31;44;70;44;33;15257;38;133;17363;
MT;510626;NOVO MUNDO;31;45;69;45;26;8839;28;173;9545;
BA;291733;IUIÚ;31;46;67;46;28;10965;28;164;11038;
BA;290685;CAPELA DO ALTO ALEGRE;31;47;66;47;22;10570;24;214;11597;
SP;353890;PIRAJUÍ;31;48;65;48;30;11949;66;160;25939;
BA;293076;SÍTIO DO QUINTO;31;49;63;49;44;11861;35;111;9431;
PB;250930;MATARACA;31;51;61;51;52;10128;44;98;8642;
TO;170290;AXIXÁ DO TOCANTINS;31;51;61;51;58;11537;49;88;9817;
MG;313310;ITANHANDU;31;52;60;43;52;16467;49;83;15511;
MG;315990;SANTO ANTÔNIO DO AMPARO;31;52;60;52;50;17302;54;104;18697;
RS;430640;DOIS IRMÃOS;31;52;60;52;61;19653;104;85;33547;
MG;314970;PERDIGÃO;31;53;58;53;43;12882;40;123;11994;
PB;250070;SÃO JOÃO DO RIO DO PEIXE;31;55;56;55;49;17780;50;112;18020;
RO;110014;NOVA BRASILÂNDIA D'OESTE;31;55;56;55;58;17719;67;95;20504;
BA;293130;TAPIRAMUTÁ;31;56;55;56;52;14177;62;108;16939;
SC;420530;FAXINAL DOS GUEDES;31;57;54;46;57;12348;49;81;10630;
AL;270895;SENADOR RUI PALMEIRA;31;57;54;57;54;13341;56;106;13893;
BA;292340;PALMAS DE MONTE ALTO;31;59;53;59;61;18356;73;97;21840;
GO;522200;VIANÓPOLIS;31;61;51;61;68;16337;59;90;14088;
AL;270650;PASSO DE CAMARAGIBE;31;65;48;65;55;14675;57;118;15270;
BA;290190;APORÁ;31;66;47;66;44;16133;49;150;17840;
MG;313115;IPABA;31;67;46;67;74;19267;73;91;18926;
PE;260910;MACHADOS;31;70;44;70;40;13338;50;175;16549;
MT;510623;NOVA OLÍMPIA;31;70;44;70;57;14943;80;123;20820;
MG;314980;PERDIZES;31;74;42;60;74;19934;61;81;16469;
BA;291830;JITAÚNA;31;74;42;74;48;12810;39;154;10470;
PE;260380;CAPOEIRAS;31;75;41;75;57;19641;58;132;20048;
BA;292140;MIRANGABA;31;77;40;77;46;15491;55;167;18603;
BA;290370;BOA NOVA;31;78;40;51;78;15889;59;65;12039;
BA;290960;CRISÓPOLIS;31;82;38;82;55;18573;63;149;21219;
RO;110025;PRESIDENTE MÉDICI;31;84;37;65;84;17468;87;77;18165;
AL;270680;PIAÇABUÇU;31;89;35;89;94;18495;91;95;17868;
PA;150655;SANTA LUZIA DO PARÁ;31;97;32;97;90;19675;91;108;19839;
PI;220050;AMARANTE;31;98;32;70;98;19801;87;71;17609;
SP;351640;FRANCO DA ROCHA;312;543;57;543;577;132731;689;94;158438;
SP;351050;CARAGUATATUBA;313;535;59;535;539;138803;486;99;125194;
ES;320520;VILA VELHA;316;928;34;928;1056;281440;1909;88;508655;
SP;354990;SÃO JOSÉ DOS CAMPOS;317;1366;23;1149;1366;355383;2834;84;737310;
PR;410180;ARAUCÁRIA;319;515;62;515;560;122471;679;92;148522;
GO;520540;CERES;32;100;32;57;100;23350;96;57;22407;
SP;351220;CONCHAL;32;106;30;106;116;27833;119;91;28491;
PA;150350;IRITUIA;32;129;25;129;121;29266;135;107;32639;
CE;231095;PIRES FERREIRA;32;37;86;37;17;10146;19;218;11052;
SP;354170;QUATÁ;32;41;78;41;43;15445;40;95;14309;
MS;500200;BATAYPORÃ;32;42;76;42;38;13119;33;111;11368;
BA;290689;CARAÍBAS;32;43;74;43;24;10406;20;179;8659;
SC;421730;SAUDADES;32;44;73;44;34;10729;31;129;9874;
SP;351910;IACANGA;32;44;73;44;42;13992;36;105;12002;
PR;412480;SÃO JOÃO;32;45;71;38;45;13485;34;84;10122;
SP;350870;CACONDE;32;46;70;46;42;12896;62;110;19031;
MT;510130;ARENÁPOLIS;32;47;68;47;47;12489;35;100;9399;
RS;430468;CAPELA DE SANTANA;32;48;67;48;33;12289;33;145;12183;
SC;421850;TREZE TÍLIAS;32;48;67;48;36;9837;30;133;8138;
PR;411880;PEABIRU;32;48;67;48;38;13031;41;126;14017;
BA;293180;TREMEDAL;32;49;65;49;51;15562;52;96;15996;
MG;317052;URUCUIA;32;50;64;50;15;10477;25;333;17470;
PR;412520;SÃO JORGE D'OESTE;32;50;64;50;39;10962;32;128;9005;
GO;520470;CAMPINORTE;32;50;64;50;39;12635;40;128;12880;
MG;311770;CONCEIÇÃO DO RIO VERDE;32;50;64;50;44;13817;44;114;13729;
MG;312020;CRISTAIS;32;51;63;51;36;13134;36;142;13060;
PI;220450;GUADALUPE;32;53;60;53;47;11827;42;113;10496;
SC;420780;IRANI;32;54;59;54;33;11033;32;164;10575;
BA;290430;BREJÕES;32;55;58;55;38;14023;38;145;14155;
PB;250010;ÁGUA BRANCA;32;56;57;56;28;10116;29;200;10375;
MT;510385;GAÚCHA DO NORTE;32;56;57;56;42;8613;39;133;7913;
PE;260825;JUCATI;32;56;57;56;55;12927;49;102;11545;
MT;510460;ITIQUIRA;32;56;57;56;59;15328;53;95;13727;
CE;230090;APUIARÉS;32;58;55;58;32;12444;38;181;14742;
PB;251610;SOLEDADE;32;58;55;58;52;15440;51;112;15211;
SC;421175;OTACÍLIO COSTA;32;58;55;58;64;17176;71;91;19201;
GO;520170;ARAGARÇAS;32;58;55;58;68;19057;73;85;20410;
RN;240460;IELMO MARINHO;32;59;54;59;33;12349;38;179;14033;
CE;231060;PENAFORTE;32;60;53;44;60;10691;52;73;9207;
MG;313880;LUZ;32;61;52;61;52;18384;52;117;18297;
MT;510268;CAMPOS DE JÚLIO;32;61;52;61;56;10723;38;109;7245;
BA;291600;ITANHÉM;32;62;52;62;46;19717;45;135;19231;
GO;520013;ACREÚNA;32;63;51;63;68;19619;79;93;22710;
SP;352360;ITIRAPINA;32;64;50;64;34;13619;47;188;18610;
ES;320016;ÁGUA DOCE DO NORTE;32;64;50;64;57;13797;45;112;10801;
SP;353010;MIRANDÓPOLIS;32;65;49;48;65;26655;73;74;29844;
RO;110008;COSTA MARQUES;32;65;49;65;32;9861;63;203;19255;
SP;352042;ILHA COMPRIDA;32;68;47;55;68;19616;40;81;11552;
TO;171650;PEDRO AFONSO;32;70;46;70;81;15755;72;86;13964;
MG;314870;PEDRA AZUL;32;71;45;71;74;21650;83;96;24333;
AM;130010;ANORI;32;72;44;72;41;13436;67;176;21937;
SE;280330;JAPARATUBA;32;72;44;72;54;16369;63;133;19067;
MG;313950;MANHUMIRIM;32;75;43;63;75;23343;74;84;22894;
MA;210600;LIMA CAMPOS;32;75;43;75;62;13471;55;121;11943;
PB;251240;PUXINANÃ;32;75;43;75;73;16185;62;103;13801;
MA;210177;BELA VISTA DO MARANHÃO;32;78;41;78;70;13150;60;111;11347;
GO;521090;ITAPACI;32;84;38;59;84;22647;88;70;23850;
MG;311930;COROMANDEL;32;85;38;51;85;27148;88;60;27958;
PE;261030;PARANATAMA;32;89;36;67;89;17494;59;75;11608;
ES;320245;IBATIBA;32;90;36;90;99;23915;111;91;26762;
PI;220260;CASTELO DO PIAUÍ;32;92;35;72;92;20072;90;78;19716;
SC;420290;BRUSQUE;323;541;60;541;589;148403;558;92;140597;
SC;420890;JARAGUÁ DO SUL;324;540;60;540;507;133178;703;107;184579;
SP;355250;SUZANO;326;848;38;848;742;163398;1378;114;303397;
RS;431340;NOVO HAMBURGO;328;675;49;547;675;174947;954;81;247303;
MT;510760;RONDONÓPOLIS;329;787;42;787;889;171836;1239;89;239613;
PA;150715;SÃO DOMINGOS DO ARAGUAIA;33;108;31;108;73;20696;92;148;25945;
PA;150475;MOJUÍ DOS CAMPOS;33;116;28;116;72;17728;66;161;16282;
RJ;330290;MIGUEL PEREIRA;33;127;26;71;127;34212;95;56;25622;
PR;412220;RIO BRANCO DO SUL;33;130;25;130;131;25669;167;99;32635;
PA;150172;BRASIL NOVO;33;136;24;104;136;19633;103;76;14883;
PA;150460;MOCAJUBA;33;156;21;156;84;21522;125;186;31917;
SP;354520;SALTO;33;176;19;95;176;40791;522;54;120779;
BA;293070;SIMÕES FILHO;33;211;16;211;205;50045;561;103;137117;
PA;150830;VISEU;33;232;14;232;214;39296;338;108;62093;
RN;240260;CEARÁ-MIRIM;33;326;10;326;288;67044;319;113;74268;
SC;421510;RODEIO;33;40;83;40;46;13797;39;87;11647;
MG;314100;MATO VERDE;33;44;75;44;46;14085;40;96;12367;
CE;231100;PORANGA;33;44;75;44;52;12709;51;85;12358;
PI;220240;CAPITÃO DE CAMPOS;33;45;73;45;50;13143;44;90;11471;
RO;110034;ALVORADA D'OESTE;33;46;72;46;39;11012;49;118;13807;
PB;251597;SOBRADO;33;46;72;46;43;9733;35;107;7845;
PR;411020;INÁCIO MARTINS;33;48;69;48;35;10375;38;137;11117;
PB;250280;BREJO DO CRUZ;33;48;69;48;42;13197;45;114;14287;
PB;250900;MANAÍRA;33;49;67;49;28;10479;29;175;10988;
CE;230393;CHORÓ;33;49;67;49;50;12940;53;98;13608;
MG;316460;SÃO SEBASTIÃO DO OESTE;33;50;66;50;47;9881;33;106;6948;
SC;421150;NOVA TRENTO;33;51;65;51;52;16292;48;98;15010;
BA;293245;UMBURANAS;33;52;63;52;31;13677;44;168;19573;
RS;430650;DOM FELICIANO;33;52;63;52;37;12864;45;141;15556;
PR;412853;VENTANIA;33;54;61;54;27;10203;33;200;12267;
SE;280600;RIBEIRÓPOLIS;33;56;59;56;52;17821;55;108;18891;
BA;290470;BUERAREMA;33;58;57;58;60;17483;63;97;18269;
AL;270760;QUEBRANGULO;33;60;55;47;60;12770;53;78;11202;
PR;411007;IMBAÚ;33;60;55;60;36;9621;50;167;13449;
MT;510794;TABAPORÃ;33;60;55;60;48;12504;36;125;9357;
RJ;330050;BOM JARDIM;33;61;54;61;30;28072;30;203;27779;
PR;410570;CLEVELÂNDIA;33;63;52;63;70;15743;73;90;16344;
CE;230860;MONSENHOR TABOSA;33;64;52;64;66;16675;68;97;17264;
RS;430960;HORIZONTINA;33;65;51;51;65;20046;63;78;19446;
PB;251650;TAPEROÁ;33;65;51;65;56;16175;54;116;15505;
SP;350520;BARIRI;33;66;50;66;69;20468;120;96;35844;
PE;260805;JATOBÁ;33;68;49;68;48;12915;55;142;14904;
MA;211090;SÃO FRANCISCO DO MARANHÃO;33;70;47;70;47;12795;45;149;12226;
GO;521483;NOVA CRIXÁS;33;71;46;71;43;13072;43;165;13020;
SP;350290;ARAÇOIABA DA SERRA;33;71;46;71;70;24859;100;101;35389;
SP;354670;SANTA GERTRUDES;33;73;45;51;73;22207;92;70;27850;
SC;420425;COCAL DO SUL;33;73;45;55;73;20064;62;75;16956;
MG;310855;BRASILÂNDIA DE MINAS;33;73;45;73;54;14859;62;135;16950;
AL;270170;CAPELA;33;76;43;76;56;15770;60;136;16907;
SP;352990;MIRACATU;33;76;43;76;62;15126;80;123;19511;
SP;353910;PIRAPORA DO BOM JESUS;33;84;39;84;68;17525;75;124;19453;
BA;291040;ENCRUZILHADA;33;84;39;84;91;18304;79;92;15914;
BA;293150;TEOFILÂNDIA;33;88;38;88;68;20119;76;129;22590;
RJ;330395;PINHEIRAL;33;90;37;70;90;29646;78;78;25563;
MA;210080;ANAPURUS;33;90;37;90;74;16400;72;122;16054;
MA;210710;MORROS;33;92;36;92;101;17918;111;91;19708;
AL;270910;TAQUARANA;33;93;35;93;64;20086;64;145;20162;
BA;291080;FEIRA DE SANTANA;330;2062;16;1722;2062;428810;3001;84;624107;
GO;521250;LUZIÂNIA;331;861;38;861;510;118321;925;169;214645;
BA;293330;VITÓRIA DA CONQUISTA;331;962;34;962;1053;208542;1735;91;343643;
BA;290320;BARREIRAS;334;596;56;596;664;120626;872;90;158432;
SP;353800;PINDAMONHANGABA;338;530;64;530;452;121273;640;117;171885;
SP;350760;BRAGANÇA PAULISTA;339;527;64;527;588;155407;652;90;172346;
AL;270050;BARRA DE SANTO ANTÔNIO;34;101;34;101;96;17415;89;105;16201;
RS;430850;FREDERICO WESTPHALEN;34;107;32;63;107;27108;125;59;31675;
RJ;330260;MANGARATIBA;34;120;28;120;117;39388;137;103;45941;
CE;230210;BATURITÉ;34;133;26;108;133;32058;150;81;36127;
SP;353540;PANORAMA;34;38;89;38;40;14540;44;95;15944;
PR;411140;IVAÍ;34;40;85;40;23;6897;46;174;14049;
PR;410895;GUAMIRANGA;34;41;83;41;29;9139;28;141;8881;
RS;430220;BOA VISTA DO BURICÁ;34;42;81;42;25;8044;21;168;6712;
MG;313050;ILICÍNEA;34;42;81;42;42;13692;38;100;12511;
MG;313865;LONTRA;34;44;77;44;24;9171;26;183;9766;
PR;411080;IRETAMA;34;44;77;44;38;10901;35;116;10029;
PR;410645;CORONEL DOMINGOS SOARES;34;45;76;45;30;9416;24;150;7538;
SC;421100;MONDAÍ;34;45;76;45;33;11352;35;136;12034;
PB;250090;ARARA;34;46;74;46;24;12287;27;192;13613;
BA;292105;MATINA;34;46;74;46;26;10688;30;177;12359;
MG;311440;CARMO DO RIO CLARO;34;46;74;46;52;18240;61;88;21310;
SC;421110;MONTE CASTELO;34;47;72;47;42;9650;36;112;8263;
SP;351720;GUAIÇARA;34;49;69;49;47;14119;41;104;12416;
SC;420220;BENEDITO NOVO;34;50;68;50;28;11961;28;179;11896;
SP;351850;GUAREÍ;34;50;68;50;31;13346;44;161;19244;
SP;350100;ALTINÓPOLIS;34;51;67;51;52;18735;45;98;16221;
MG;311450;CARMÓPOLIS DE MINAS;34;51;67;51;56;19143;58;91;19756;
BA;292270;NOVA CANAÃ;34;52;65;52;37;14925;41;141;16482;
PR;411390;MALLET;34;52;65;52;43;13630;43;121;13697;
MG;311150;CAMPOS ALTOS;34;52;65;52;43;13778;49;121;15661;
RS;432270;VERA CRUZ;34;52;65;52;48;17388;75;108;27325;
AL;270375;JEQUIÁ DA PRAIA;34;53;64;53;35;11195;36;151;11495;
RO;110092;CHUPINGUAIA;34;54;63;54;34;9765;41;159;11755;
RN;240170;BOM JESUS;34;54;63;54;36;11211;33;150;10323;
RN;240910;PASSA E FICA;34;54;63;54;36;13086;38;150;13667;
BA;290400;BONINAL;34;55;62;55;47;12749;54;117;14518;
PI;220997;SÃO JOÃO DO ARRAIAL;34;57;60;57;44;10238;35;130;8085;
BA;292650;RIBEIRA DO AMPARO;34;57;60;57;51;14892;50;112;14631;
MG;314340;MONTE SIÃO;34;59;58;59;56;23269;58;105;24247;
PI;220880;REGENERAÇÃO;34;60;57;60;71;17436;73;85;17979;
MG;315820;SANTA MARIA DO SUAÇUÍ;34;61;56;61;46;13156;51;133;14607;
MS;500450;ITAPORÃ;34;63;54;63;50;19717;65;126;25478;
PE;261245;SANTA CRUZ;34;63;54;63;53;13002;64;119;15713;
SP;351830;GUARAREMA;34;64;53;64;18;4495;124;356;30465;
RJ;330330;NITERÓI;34;699;5;314;699;193684;1865;45;516981;
PI;220320;CURIMATÁ;34;71;48;71;65;13829;54;109;11461;
AL;270300;IBATEGUARA;34;71;48;71;73;15118;75;97;15637;
RR;140030;MUCAJAÍ;31;116;27;116;101;19595;95;115;18482;
AL;270720;POÇO DAS TRINCHEIRAS;32;70;46;70;50;13607;53;140;14447;
PR;412667;TAMARANA;33;40;83;40;38;11735;49;105;15277;
PE;260790;JABOATÃO DOS GUARARAPES;331;1267;26;1267;1470;364032;2873;86;711330;
RS;431120;JÚLIO DE CASTILHOS;34;72;47;50;72;21204;65;69;19159;
MG;315240;POTÉ;34;72;47;72;46;15721;49;157;16675;
PR;410760;FAXINAL;34;73;47;73;55;15768;61;133;17379;
PA;150658;SANTA MARIA DAS BARREIRAS;34;74;46;74;32;16412;43;231;22244;
SE;280420;MONTE ALEGRE DE SERGIPE;34;74;46;74;73;15795;71;101;15315;
PE;261620;VERTENTES;34;75;45;57;75;20150;79;76;21172;
CE;230185;BANABUIÚ;34;75;45;75;78;17801;80;96;18313;
SE;280490;PACATUBA;34;77;44;77;68;14142;70;113;14650;
AL;270380;JOAQUIM GOMES;34;77;44;77;69;19440;86;112;24167;
BA;292905;SÃO FÉLIX DO CORIBE;34;86;40;86;73;15210;75;118;15543;
AM;130410;TAPAUÁ;34;88;39;52;88;12249;121;59;16876;
BA;290820;CONCEIÇÃO DA FEIRA;34;89;38;89;59;21441;63;151;22933;
SP;354150;PRESIDENTE VENCESLAU;34;90;38;57;90;30974;115;63;39648;
BA;290710;CARINHANHA;34;97;35;97;91;21099;126;107;29118;
PI;220200;BURITI DOS LOPES;34;99;34;99;103;22212;92;96;19832;
SE;280170;CRISTINÁPOLIS;34;99;34;99;86;17421;90;115;18181;
RO;110012;JI-PARANÁ;342;567;60;567;567;112960;658;100;131026;
AM;130150;ENVIRA;35;101;35;101;77;14814;108;131;20748;
SE;280140;CARIRA;35;105;33;105;87;20517;95;121;22393;
MA;210870;PIO XII;35;113;31;113;122;22913;113;93;21274;
RN;241120;SANTA CRUZ;35;154;23;154;138;34877;160;112;40295;
MA;210220;BURITI;35;163;21;163;161;30813;151;101;28916;
PA;150020;ACARÁ;35;180;19;180;182;33411;303;99;55744;
SP;352670;LEME;35;194;18;194;215;71991;314;90;105273;
RJ;330020;ARARUAMA;35;224;16;163;224;62823;485;73;136109;
RJ;330340;NOVA FRIBURGO;35;229;15;148;229;67722;647;65;191664;
MG;312760;GOUVEIA;35;41;85;41;41;13101;37;100;11811;
PA;150180;BREVES;35;417;8;346;417;49871;871;83;104280;
RN;240500;JAÇANÃ;35;44;80;44;23;8589;25;191;9341;
SP;353282;NOVA CAMPINA;35;45;78;45;35;10269;34;129;9962;
PE;261280;SANTA TEREZINHA;35;47;74;47;35;10816;39;134;11914;
PR;411980;PLANALTO;35;48;73;48;41;14572;38;117;13385;
BA;293260;URANDI;35;48;73;48;51;15263;56;94;16672;
SE;280680;SÃO DOMINGOS;35;49;71;49;38;10722;40;129;11276;
PR;411800;PARAÍSO DO NORTE;35;49;71;49;54;14815;52;91;14211;
MG;312810;GUAPÉ;35;50;70;50;40;14703;39;125;14269;
PR;412380;SANTA IZABEL DO OESTE;35;53;66;53;37;13345;41;143;14924;
MS;500230;BRASILÂNDIA;35;53;66;53;39;12626;37;136;11835;
AL;270200;COITÉ DO NÓIA;35;54;65;54;42;11633;38;129;10594;
SP;354750;SANTA RITA DO PASSA QUATRO;35;54;65;54;49;21295;64;110;27641;
SC;421545;SANGÃO;35;57;61;57;53;13230;53;108;13128;
AL;270020;ANADIA;35;57;61;57;58;16125;63;98;17507;
PR;412250;RONCADOR;35;58;60;42;58;12852;43;72;9447;
BA;293090;TABOCAS DO BREJO VELHO;35;58;60;58;41;12632;41;141;12515;
MG;316190;SÃO GONÇALO DO RIO ABAIXO;35;58;60;58;52;14323;40;112;11114;
BA;290910;CORIBE;35;59;59;59;51;14821;49;116;14108;
GO;520995;INDIARA;35;59;59;59;54;15515;56;109;15962;
RS;430480;CARLOS BARBOSA;35;61;57;61;41;14239;89;149;30630;
PA;150034;ÁGUA AZUL DO NORTE;35;63;56;63;35;14503;67;180;27797;
BA;291710;ITORORÓ;35;63;56;63;45;19877;46;140;20394;
AL;270250;DOIS RIACHOS;35;66;53;66;40;10940;40;165;11059;
BA;292610;RETIROLÂNDIA;35;67;52;67;53;13795;56;126;14588;
PE;261270;SANTA MARIA DO CAMBUCÁ;35;68;51;68;68;15508;63;100;14308;
SC;420500;DIONÍSIO CERQUEIRA;35;69;51;48;69;16876;64;70;15592;
RO;110140;MONTE NEGRO;35;69;51;69;58;14764;63;119;16158;
PR;412660;SIQUEIRA CAMPOS;35;69;51;69;73;18325;85;95;21476;
BA;290920;CORONEL JOÃO SÁ;35;70;50;70;64;17059;58;109;15549;
BA;293075;SÍTIO DO MATO;35;71;49;71;50;10821;60;142;13104;
RO;110032;SÃO MIGUEL DO GUAPORÉ;35;82;43;82;66;15004;102;124;23147;
SE;280630;SANTA LUZIA DO ITANHY;35;83;42;83;71;14136;71;117;14205;
SP;353340;NOVA ODESSA;35;87;40;87;83;25509;201;105;61716;
GO;520490;CAMPOS BELOS;35;89;39;69;89;17815;101;78;20124;
PA;150805;TRAIRÃO;35;90;39;90;48;14619;63;188;19344;
GO;521308;MINAÇU;35;95;37;95;109;27367;114;87;28518;
BA;292820;SANTANA;35;96;36;96;85;24224;94;113;26792;
CE;230730;JUAZEIRO DO NORTE;356;1072;33;830;1072;223701;1333;77;278264;
MG;313130;IPATINGA;359;655;55;655;722;219804;878;91;267333;
MA;210280;CAROLINA;36;105;34;105;76;17443;105;138;24151;
PR;412170;RESERVA;36;112;32;112;109;27518;107;103;26933;
BA;292770;SANTA CRUZ CABRÁLIA;36;118;31;118;110;23755;130;107;28058;
BA;293320;VERA CRUZ;36;129;28;129;113;32765;152;114;44185;
AP;160050;OIAPOQUE;36;146;25;146;135;26030;148;108;28534;
RS;430440;CANELA;36;147;24;97;147;33141;204;66;45957;
MG;313720;LAGOA DA PRATA;36;150;24;122;150;41920;190;81;53236;
BA;290270;BARRA;36;242;15;242;220;40791;293;110;54225;
CE;230490;GROAÍRAS;36;44;82;44;38;11836;36;116;11219;
PE;260860;LAGOA DO OURO;36;46;78;46;52;13712;50;88;13300;
MT;510629;PARANAÍTA;36;47;77;47;53;13947;43;89;11291;
PB;250160;BARRA DE SANTA ROSA;36;48;75;48;34;14010;38;141;15607;
RS;432070;SOBRADINHO;36;48;75;48;52;14014;56;92;15041;
MT;510305;CLÁUDIA;36;49;73;49;31;12559;30;158;12338;
CE;230835;MILHÃ;36;49;73;49;46;13904;43;107;13129;
PE;260690;IGUARACY;36;51;71;51;34;12001;35;150;12265;
GO;521770;PONTALINA;36;52;69;52;54;19039;51;96;17899;
SP;350220;ANGATUBA;36;55;65;55;48;14689;84;115;25724;
AL;270110;BRANQUINHA;36;55;65;55;51;11150;48;108;10426;
PB;251660;TAVARES;36;56;64;56;41;14598;42;137;14791;
MG;315680;SABINÓPOLIS;36;56;64;56;47;15606;46;119;15364;
SP;355180;SETE BARRAS;36;56;64;56;60;15303;50;93;12731;
MG;312780;GRÃO MOGOL;36;57;63;57;38;14693;41;150;15943;
MT;510370;FELIZ NATAL;36;59;61;59;40;10559;56;148;14847;
SC;421670;SÃO JOSÉ DO CEDRO;36;60;60;44;60;15874;52;73;13811;
TO;172020;SÃO MIGUEL DO TOCANTINS;36;64;56;64;42;12781;41;152;12445;
BA;290240;AURELINO LEAL;36;64;56;64;50;12094;46;128;11079;
SP;355330;TAMBAÚ;36;65;55;53;65;20251;75;82;23255;
SP;350630;BERNARDINO DE CAMPOS;35;41;85;41;41;12179;38;100;11168;
CE;230790;MARTINÓPOLE;36;65;55;65;45;12156;42;144;11407;
SC;421740;SCHROEDER;36;66;55;66;67;20322;75;99;22605;
BA;290120;ANAGÉ;36;67;54;67;66;22490;62;102;21229;
MG;311160;CAMPOS GERAIS;36;68;53;68;71;24597;83;96;28908;
MG;314740;PARAOPEBA;36;73;49;73;77;22357;86;95;24854;
PR;412760;TIJUCAS DO SUL;36;77;47;77;77;20457;65;100;17295;
MA;210760;PALMEIRÂNDIA;36;83;43;83;89;18564;95;93;19840;
SE;280020;AQUIDABÃ;36;86;42;86;59;19195;67;146;21796;
PE;260040;ÁGUA PRETA;36;87;41;87;77;26021;110;113;37386;
SE;280067;BOQUIM;36;87;41;87;83;25851;87;105;26980;
ES;320210;ECOPORANGA;36;89;40;89;79;23542;76;113;22748;
RN;241250;SÃO MIGUEL;36;90;40;90;67;20339;78;134;23789;
SP;355700;VOTORANTIM;36;90;40;90;75;18979;492;120;124468;
RS;431060;ITAQUI;36;92;39;67;92;22151;156;73;37363;
MA;211176;SENADOR LA ROCQUE;36;93;39;57;93;16425;79;61;13981;
BA;291840;JUAZEIRO;365;1096;33;1096;1267;195879;1420;87;219544;
AM;130260;MANAUS;3689;8758;42;8758;9036;1660788;12274;97;2255903;
RJ;330185;GUAPIMIRIM;37;107;35;80;107;32125;207;75;62225;
MA;210405;ESTREITO;37;132;28;132;145;32889;190;91;43097;
AM;130030;AUTAZES;37;160;23;97;160;23750;277;61;41005;
BA;291400;IPIRÁ;37;166;22;166;144;36157;236;115;59281;
GO;521380;MORRINHOS;37;182;20;94;182;45305;189;52;46955;
PA;150345;IPIXUNA DO PARÁ;37;186;20;186;91;34056;180;204;67170;
AM;130370;SANTO ANTÔNIO DO IÇÁ;37;193;19;108;193;17772;227;56;20889;
SP;351570;FERRAZ DE VASCONCELOS;37;386;10;386;395;92370;849;98;198661;
MG;315217;PONTO DOS VOLANTES;37;42;88;42;37;12220;37;114;12235;
CE;230565;IPAPORANGA;37;47;79;47;47;12159;45;100;11597;
PE;261430;MOREILÂNDIA;37;51;73;51;44;11821;42;116;11269;
PR;410230;BALSA NOVA;37;51;73;51;58;14863;52;88;13238;
MG;316680;SERRA DO SALITRE;37;51;73;51;59;14068;49;86;11750;
CE;230125;ARARENDÁ;37;54;69;54;38;12073;35;142;10983;
BA;293345;WANDERLEY;37;55;67;55;53;12901;50;104;12125;
MT;510805;TERRA NOVA DO NORTE;37;56;66;56;58;11917;45;97;9284;
CE;230600;IRACEMA;37;58;64;58;40;15629;37;145;14351;
BA;293240;UIBAÍ;37;58;64;58;48;15114;44;121;13894;
RN;241260;SÃO PAULO DO POTENGI;37;59;63;59;59;17921;59;100;17858;
SP;351490;ELIAS FAUSTO;37;60;62;60;50;18508;49;120;18095;
MG;313990;MARIA DA FÉ;37;61;61;61;56;16133;49;109;14019;
RS;430660;DOM PEDRITO;37;61;61;61;69;20717;127;88;38222;
PB;251150;PILAR;37;62;60;62;64;14370;54;97;12036;
SP;354240;REGENTE FEIJÓ;37;66;56;53;66;22831;59;80;20523;
BA;290970;CRISTÓPOLIS;37;68;54;68;50;13718;51;136;13981;
SP;351410;DOIS CÓRREGOS;37;68;54;68;56;17354;90;121;27704;
RO;110006;COLORADO DO OESTE;37;69;54;49;69;15676;67;71;15213;
PE;261040;PARNAMIRIM;37;69;54;69;75;19779;84;92;22198;
MG;311840;CONSELHEIRO PENA;37;72;51;72;57;21613;61;126;22975;
BA;293250;UNA;37;72;51;72;65;18294;64;111;18108;
MA;210050;ALTO PARNAÍBA;37;74;50;74;48;10712;50;154;11233;
CE;230170;AURORA;37;74;50;74;86;24171;87;86;24567;
RJ;330515;SÃO JOSÉ DO VALE DO RIO PRETO;37;75;49;75;70;22485;69;107;22032;
BA;293315;VÁRZEA NOVA;37;75;49;75;71;15171;59;106;12556;
ES;320460;SANTA TERESA;37;75;49;75;85;27902;73;88;23853;
SC;420455;CORREIA PINTO;37;76;49;63;76;15282;61;83;12315;
MG;310590;BARROSO;37;78;47;78;72;22660;67;108;20981;
BA;292925;SÃO GABRIEL;37;79;47;62;79;19472;76;78;18785;
MS;500690;PORTO MURTINHO;37;81;46;81;48;13099;64;169;17460;
MG;310090;ÁGUAS FORMOSAS;37;81;46;81;72;19240;72;113;19285;
RS;432080;SOLEDADE;37;83;45;65;83;22881;113;78;31067;
AL;270440;MAJOR ISIDORO;37;89;42;89;62;18394;67;144;19923;
MG;311420;CARMO DO CAJURU;37;91;41;67;91;25692;81;74;22900;
MG;315140;PITANGUI;37;93;40;76;93;28675;92;82;28433;
PE;260105;ARAÇOIABA;37;95;39;95;81;19808;86;117;20936;
MA;210675;MIRANDA DO NORTE;37;99;37;99;70;19825;103;141;29121;
SP;350280;ARAÇATUBA;370;672;55;521;672;189981;705;78;199210;
PR;410580;COLOMBO;371;850;44;641;850;200880;1055;75;249277;
RJ;330270;MARICÁ;378;611;62;611;618;170920;606;99;167668;
AL;270130;CAJUEIRO;38;113;34;113;79;18175;93;143;21397;
RJ;330370;PARAÍBA DO SUL;38;147;26;112;147;46820;140;76;44741;
MA;210290;CARUTAPERA;38;167;23;167;140;26729;126;119;24095;
PE;261540;TORITAMA;38;223;17;223;121;31673;180;184;47088;
MG;310200;ALTEROSA;38;43;88;43;48;16996;41;90;14566;
PR;412100;QUERÊNCIA DO NORTE;38;47;81;47;32;11416;34;147;12257;
CE;231260;SÃO LUÍS DO CURU;38;50;76;50;41;12175;44;122;13086;
BA;290160;ANTAS;38;51;75;51;23;11833;39;222;19659;
MS;500770;SETE QUEDAS;38;54;70;54;38;10566;39;142;10751;
MG;312390;ENTRE RIOS DE MINAS;38;54;70;54;43;15028;44;126;15458;
RN;240930;PATU;38;55;69;55;30;12696;30;183;12861;
PR;411270;JATAIZINHO;38;55;69;55;35;11635;38;157;12687;
MG;313375;ITAÚ DE MINAS;38;56;68;56;37;16580;36;151;16286;
SC;420125;APIÚNA;38;57;67;57;38;11557;36;150;10951;
CE;230010;ABAIARA;38;59;64;59;34;10286;39;174;11965;
PI;221070;SIMÕES;38;59;64;59;51;15485;48;116;14664;
BA;291510;ITAGI;38;60;63;60;60;14310;51;100;12140;
AL;270810;SANTANA DO MUNDAÚ;38;61;62;61;65;13288;52;94;10637;
SP;355630;VALPARAÍSO;38;61;62;61;70;24021;79;87;27154;
BA;291380;IPECAETÁ;38;62;61;62;31;13237;33;200;14229;
GO;521375;MONTIVIDIU;38;62;61;62;41;11125;51;151;13935;
PI;220595;MARCOLÂNDIA;38;62;61;62;51;12924;34;122;8590;
MG;315790;SANTA MARGARIDA;38;63;60;63;63;17984;57;100;16393;
MG;314730;PARAISÓPOLIS;38;64;59;64;53;21541;53;121;21353;
AL;270610;OURO BRANCO;38;64;59;64;59;12077;57;108;11573;
MT;510677;PORTO ALEGRE DO NORTE;38;68;56;68;30;12066;32;227;12849;
PR;412120;QUITANDINHA;38;69;55;57;69;19046;70;83;19388;
BA;291240;IBIPEBA;38;69;55;69;53;17183;57;130;18421;
SP;354000;POMPÉIA;38;71;54;59;71;25217;63;83;22326;
PB;250710;ITAPOROROCA;38;72;53;72;82;21219;73;88;18978;
SP;353620;PARIQUERA-AÇU;38;73;52;73;79;21107;74;92;19797;
RS;432380;XANGRI-LÁ;38;76;50;76;75;18507;69;101;17126;
SC;421750;SEARA;38;77;49;54;77;18348;74;70;17610;
RS;431000;IBIRUBÁ;38;79;48;55;79;21681;75;70;20474;
MG;312670;FRANCISCO SÁ;38;79;48;79;60;22319;71;132;26459;
BA;291730;ITUBERÁ;38;85;45;85;56;22233;73;152;28870;
TO;171320;MIRACEMA DO TOCANTINS;38;87;44;87;82;19273;75;106;17628;
MG;314410;MUZAMBINHO;38;90;42;61;90;23342;79;68;20522;
MS;500560;MIRANDA;38;95;40;95;87;16759;148;109;28423;
MA;210950;RIACHÃO;38;97;39;97;107;20176;108;91;20288;
MG;312770;GOVERNADOR VALADARES;380;843;45;843;910;224580;1143;93;282164;
PA;150240;CASTANHAL;385;797;48;797;891;185697;987;89;205667;
MT;510790;SINOP;385;841;46;841;977;153337;949;86;148960;
AM;130255;MANAQUIRI;39;100;39;100;42;16454;86;238;33981;
PA;150660;SANTA MARIA DO PARÁ;39;110;35;110;104;22650;115;106;25127;
MG;311330;CARANGOLA;39;113;35;79;113;31276;119;70;33022;
PA;150095;AURORA DO PARÁ;39;121;32;121;67;18123;119;181;32200;
BA;292600;REMANSO;39;134;29;94;134;26576;208;70;41324;
RJ;330187;IGUABA GRANDE;39;143;27;110;143;39223;107;77;29344;
MA;210370;CURURUPU;39;149;26;149;132;30366;141;113;32559;
MA;210830;PENALVA;39;192;20;192;186;35353;205;103;38987;
RJ;330414;QUEIMADOS;39;216;18;216;189;46717;615;114;152311;
PE;260520;ESCADA;39;236;17;195;236;60202;273;83;69701;
SP;354560;SANTA ADÉLIA;39;46;85;46;36;14897;38;128;15639;
SP;355610;VALENTIM GENTIL;39;49;80;49;52;15620;46;94;13732;
PR;410990;ICARAÍMA;39;51;76;51;43;10356;32;119;7671;
SC;420990;LONTRAS;39;53;74;53;46;14868;39;115;12497;
ES;320335;MARILÂNDIA;39;53;74;53;47;16099;38;113;13091;
PE;260130;BARRA DE GUABIRABA;39;54;72;54;39;12815;45;138;14632;
BA;290830;CONCEIÇÃO DO ALMEIDA;39;54;72;54;47;19259;42;115;17087;
SP;351770;GUARÁ;39;56;70;56;53;16300;69;106;21394;
SC;421000;LUIZ ALVES;39;57;68;57;63;16357;51;90;13347;
MG;314270;MONTALVÂNIA;39;58;67;48;58;16555;51;83;14621;
TO;171330;MIRANORTE;39;58;67;58;52;13451;52;112;13551;
PR;412150;REBOUÇAS;39;59;66;59;67;16463;61;88;14991;
BA;291185;HELIÓPOLIS;39;60;65;60;32;13271;31;188;12946;
SC;420207;BALNEÁRIO GAIVOTA;39;60;65;60;53;15965;38;113;11537;
BA;293280;UTINGA;39;63;62;63;62;16413;73;102;19330;
BA;292560;PRESIDENTE DUTRA;39;64;61;64;40;15918;38;160;15180;
BA;290380;BOA VISTA DO TUPIM;39;64;61;64;49;15820;57;131;18491;
TO;172090;TAGUATINGA;39;66;59;66;36;14569;42;183;16966;
SP;351760;GUAPIARA;39;66;59;66;68;18807;61;97;16896;
PE;260780;ITAQUITINGA;39;67;58;67;63;16361;66;106;17056;
MG;316960;TUPACIGUARA;39;67;58;67;65;25233;66;103;25466;
ES;320100;BOA ESPERANÇA;39;69;57;69;49;16502;45;141;15146;
PE;260840;JUREMA;39;69;57;69;60;15381;60;115;15483;
RN;240560;JARDIM DE PIRANHAS;39;71;55;71;37;15109;37;192;15044;
ES;320115;BREJETUBA;39;72;54;72;69;13805;62;104;12450;
PB;250730;JACARAÚ;39;74;53;62;74;17338;62;84;14467;
ES;320503;VARGEM ALTA;39;75;52;75;80;23398;74;94;21778;
PR;412402;SANTA TEREZA DO OESTE;39;76;51;76;55;10849;51;138;10055;
RS;430940;GUAPORÉ;39;77;51;52;77;25410;79;68;26199;
PE;260060;ALAGOINHA;39;77;51;77;54;15682;51;143;14798;
SC;420900;JOAÇABA;39;80;49;80;94;29642;97;85;30684;
MA;210590;LAGO VERDE;39;86;45;86;67;14539;75;128;16369;
AM;130430;URUCARÁ;39;87;45;87;69;15631;71;126;16007;
BA;292320;OLIVEIRA DOS BREJINHOS;39;88;44;88;65;21757;65;135;21797;
PR;411730;ORTIGUEIRA;39;90;43;90;91;21184;94;99;21783;
BA;292335;OUROLÂNDIA;39;92;42;92;74;17811;73;124;17567;
BA;292620;RIACHÃO DAS NEVES;39;95;41;95;84;20733;91;113;22330;
MG;311000;CAETÉ;39;99;39;99;117;36348;146;85;45364;
PA;150797;TERRA SANTA;39;99;39;99;55;16315;64;180;19063;
ES;320130;CARIACICA;393;1095;36;1095;1062;236894;1733;103;386495;
SP;355220;SOROCABA;394;1044;38;1044;751;184148;2835;139;695328;
DF;530010;BRASÍLIA;3962;8400;47;8400;8200;1901250;13345;102;3094325;
MG;315300;PRATINHA;4;10;40;10;10;4069;9;100;3658;
GO;521377;MONTIVIDIU DO NORTE;4;10;40;10;10;4248;11;100;4538;
MG;313850;LIBERDADE;4;10;40;10;10;5053;10;100;4994;
PI;221095;TAMBORIL DO PIAUÍ;4;10;40;10;11;2977;11;91;2939;
PR;412530;SÃO JORGE DO IVAÍ;4;10;40;10;11;6014;10;91;5535;
SP;355255;SUZANÁPOLIS;4;10;40;10;5;3994;5;200;4063;
PR;412420;SANTO ANTÔNIO DO CAIUÁ;4;10;40;10;6;2661;6;167;2611;
AL;270700;PINDOBA;4;10;40;10;6;2752;6;167;2903;
MG;314920;PEDRINÓPOLIS;4;10;40;10;6;3919;6;167;3651;
TO;171550;OLIVEIRA DE FÁTIMA;4;10;40;10;7;1638;5;143;1124;
TO;171845;PUGMIL;4;10;40;10;7;2860;7;143;2746;
MT;510719;RIBEIRÃOZINHO;4;10;40;10;7;2974;6;143;2439;
SC;420785;IRATI;4;10;40;10;9;2470;7;111;1887;
PR;412020;PORTO RICO;4;10;40;6;10;3096;8;60;2554;
PI;221097;TANQUE DO PIAUÍ;4;10;40;6;10;3487;8;60;2781;
RS;430760;ESTÂNCIA VELHA;4;102;4;21;102;32374;161;21;51292;
RO;110026;RIO CRESPO;4;11;36;11;10;4471;9;110;3843;
RS;431310;NOVA PALMA;4;11;36;11;12;6567;12;92;6519;
PI;220995;SÃO JOÃO DA VARJOTA;4;11;36;11;13;4828;13;85;4856;
GO;520815;GAMELEIRA DE GOIÁS;4;11;36;11;13;5502;9;85;3923;
RS;431041;INHACORÁ;4;11;36;11;5;2367;5;220;2207;
SP;355420;TEJUPÁ;4;11;36;11;6;1662;15;183;4452;
TO;171865;RIO DA CONCEIÇÃO;4;11;36;11;6;2080;6;183;2211;
GO;522145;TROMBAS;4;11;36;11;6;3401;6;183;3497;
GO;520090;AMORINÓPOLIS;4;11;36;11;6;3520;5;183;3011;
SP;352790;LUTÉCIA;4;11;36;11;7;2892;6;157;2623;
SE;280010;AMPARO DE SÃO FRANCISCO;4;11;36;11;8;2565;7;138;2386;
TO;170388;CARMOLÂNDIA;4;11;36;11;8;2717;8;138;2627;
BA;290880;CONTENDAS DO SINCORÁ;4;11;36;11;8;4540;7;138;4025;
PR;411290;JUNDIAÍ DO SUL;4;11;36;11;9;3820;8;122;3248;
RJ;330230;LAJE DO MURIAÉ;4;12;33;10;12;5366;16;83;7298;
MG;315940;SANTA RITA DE IBITIPOCA;4;12;33;12;4;4197;3;300;3380;
SP;351260;CORONEL MACEDO;4;12;33;9;12;5005;11;75;4591;
BA;290740;CATOLÂNDIA;4;13;31;13;7;3776;7;186;3619;
RS;430355;CAMARGO;4;13;31;8;13;3264;11;62;2750;
SP;353260;NHANDEARA;4;14;29;11;14;7495;21;79;11575;
PI;220559;LAGOA DO SÍTIO;4;14;29;14;10;4931;11;140;5219;
MG;313655;JOSÉ RAYDAN;4;14;29;14;11;4606;12;127;5104;
MG;310445;ARICANDUVA;4;14;29;14;11;5253;11;127;5305;
PR;411435;MANFRINÓPOLIS;4;14;29;14;6;3093;5;233;2442;
RN;240165;BODÓ;4;14;29;14;8;3352;5;175;2171;
RS;430330;CAIBATÉ;4;14;29;6;14;5438;12;43;4802;
MG;315880;SANTANA DO JACARÉ;4;14;29;9;14;4858;14;64;4847;
TO;171180;JUARINA;4;15;27;15;10;2617;8;150;2174;
SP;350350;AREIAS;4;15;27;15;6;4124;6;250;3906;
MG;315370;QUARTEL GERAL;4;15;27;15;8;3521;8;188;3603;
SC;420127;ARABUTÃ;4;15;27;5;15;4795;13;33;4268;
MG;312710;FRUTAL;4;159;3;48;159;41925;230;30;60508;
MG;310660;BERTÓPOLIS;4;16;25;16;17;3824;20;94;4609;
SE;280110;CANHOBA;4;16;25;16;18;4409;16;89;4003;
PI;220975;SÃO GONÇALO DO GURGUÉIA;4;16;25;16;6;3312;6;267;3071;
PR;410220;ATALAIA;4;16;25;5;16;4827;13;31;3871;
PR;411360;LOBATO;4;16;25;7;16;5387;14;44;4850;
PI;220530;JERUMENHA;4;17;24;14;17;4476;17;82;4443;
SP;353170;MONTEIRO LOBATO;4;17;24;17;10;4569;10;170;4739;
MT;510779;SANTO ANTÔNIO DO LESTE;4;17;24;17;11;4150;15;155;5459;
MG;314380;MUNHOZ;4;17;24;17;13;7041;11;131;5960;
PI;220140;BARRO DURO;4;17;24;17;20;6890;20;85;7022;
MG;316120;SÃO FRANCISCO DE PAULA;4;17;24;17;20;6978;19;85;6512;
BA;292330;OURIÇANGAS;4;17;24;17;20;8270;21;85;8575;
SP;350055;ÁGUAS DE SANTA BÁRBARA;4;17;24;8;17;6662;16;47;6142;
PR;411585;MERCEDES;4;18;22;10;18;6654;15;56;5617;
AL;270350;JACUÍPE;4;18;22;18;12;6011;14;150;6992;
RS;430512;CERRITO;4;18;22;18;9;6935;8;200;6005;
PR;412280;SALGADO FILHO;4;18;22;5;18;4632;13;28;3389;
MG;315440;RESSAQUINHA;4;19;21;19;12;5305;11;158;4826;
PI;220551;JUAZEIRO DO PIAUÍ;4;19;21;19;14;5832;13;136;5491;
MA;210667;MILAGRES DO MARANHÃO;4;19;21;19;14;7251;17;136;8502;
MG;313710;LAGAMAR;4;19;21;19;14;7603;14;136;7588;
BA;291540;ITAJU DO COLÔNIA;4;20;20;20;18;5014;24;111;6515;
MG;316530;SÃO VICENTE DE MINAS;4;20;20;20;20;7770;20;100;7876;
RR;140045;PACARAIMA;4;201;2;128;201;37356;108;64;20108;
PR;411745;OURO VERDE DO OESTE;4;21;19;21;17;4788;22;124;6036;
PR;412125;RAMILÂNDIA;4;21;19;21;21;5244;18;100;4500;
MG;316890;TIROS;4;23;17;23;22;7436;19;105;6369;
PA;150070;ANAJÁS;4;244;2;244;133;16381;245;183;30091;
MG;315733;SANTA CRUZ DE MINAS;4;26;15;14;26;9138;25;54;8723;
PA;150013;ABEL FIGUEIREDO;4;26;15;26;27;7031;29;96;7536;
MG;316350;SÃO JOSÉ DO JACURI;4;26;15;26;8;6809;8;325;6409;
PR;411680;NOVA CANTU;4;28;14;12;28;6999;19;43;4827;
MS;500348;DOIS IRMÃOS DO BURITI;4;28;14;28;28;10354;31;100;11547;
CE;231120;POTENGI;4;29;14;29;30;10336;32;97;11165;
PI;220552;JÚLIO BORGES;4;31;13;31;26;6173;24;119;5653;
MG;312920;HELIODORA;4;32;13;32;15;6771;15;213;6623;
RN;240130;AUGUSTO SEVERO;4;33;12;33;21;7965;26;157;9686;
PA;150780;SENADOR JOSÉ PORFÍRIO;4;34;12;18;34;4423;87;53;11305;
SP;354515;SALTINHO;4;34;12;7;34;12000;24;21;8498;
PR;412190;RIBEIRÃO DO PINHAL;4;35;11;11;35;11107;41;31;12869;
SP;351230;CONCHAS;4;37;11;27;37;12550;53;73;18138;
MG;314300;MONTE BELO;4;38;11;28;38;12645;39;74;13139;
SP;354765;SANTA SALETE;4;4;100;4;2;2392;1;200;1558;
MG;314360;MORRO DA GARÇA;4;4;100;4;2;2876;2;200;2413;
GO;520420;CACHOEIRA DE GOIÁS;4;4;100;4;3;1919;2;133;1336;
PB;250620;FREI MARTINHO;4;4;100;4;3;3201;3;133;2989;
SP;350060;ÁGUAS DE SÃO PEDRO;4;4;100;4;3;3943;3;133;3588;
RS;432220;TUPANCIRETÃ;4;40;10;13;40;15427;62;33;24182;
MG;315340;PRESIDENTE OLEGÁRIO;4;48;8;31;48;16799;56;65;19680;
SP;352970;MIGUELÓPOLIS;4;48;8;48;23;7970;64;209;22480;
PR;411600;MIRASELVA;4;5;80;4;5;2428;4;80;1786;
SP;354720;SANTANA DA PONTE PENSA;4;5;80;5;3;2157;2;167;1448;
RS;430462;CAPÃO BONITO DO SUL;4;5;80;5;3;2286;2;167;1628;
TO;170625;CRIXÁS DO TOCANTINS;4;5;80;5;4;2103;3;125;1749;
RS;430675;DOUTOR RICARDO;4;5;80;5;4;2491;3;125;1967;
RS;430222;BOA VISTA DO CADEADO;4;5;80;5;4;2579;4;125;2466;
SP;351800;GUARANI D'OESTE;4;5;80;5;4;2612;3;125;1996;
RS;431595;ROLADOR;4;5;80;5;4;2739;3;125;2270;
RS;431242;MORMAÇO;4;5;80;5;5;3119;5;100;3139;
PA;150260;COLARES;4;55;7;55;42;11745;44;131;12175;
MG;311380;CARMÉSIA;4;6;67;5;6;2414;7;83;2660;
MG;311980;CÓRREGO DANTA;4;6;67;5;6;3181;6;83;3168;
RS;430587;CORONEL BARROS;4;6;67;5;6;3569;4;83;2521;
GO;521340;MOIPORÁ;4;6;67;6;0;2219;0;0;1471;
SP;353284;NOVA CANAÃ PAULISTA;4;6;67;6;0;2449;0;0;1824;
TO;172125;TUPIRAMA;4;6;67;6;2;2215;2;300;1952;
PI;221037;SÃO LUIS DO PIAUÍ;4;6;67;6;2;2560;2;300;2648;
SC;421715;SÃO MIGUEL DA BOA VISTA;4;6;67;6;3;2047;3;200;1794;
PR;412430;SANTO ANTÔNIO DO PARAÍSO;4;6;67;6;3;2340;3;200;2032;
RN;240480;IPUEIRA;4;6;67;6;3;2475;3;200;2264;
SP;351330;CRUZÁLIA;4;6;67;6;4;2658;3;150;2021;
RS;431455;PIRAPÓ;4;6;67;6;4;2664;3;150;2205;
SP;355460;TIMBURI;4;6;67;6;4;3122;3;150;2647;
PR;412360;SANTA INÊS;4;6;67;6;5;1905;4;120;1568;
RS;431308;NOVA PÁDUA;4;6;67;6;5;2925;4;120;2563;
MG;310610;BELMIRO BRAGA;4;6;67;6;5;3530;5;120;3422;
RS;430085;ARAMBARÉ;4;6;67;6;6;2258;10;100;3544;
RS;430805;FAXINALZINHO;4;6;67;6;6;2755;5;100;2256;
GO;522028;SÃO PATRÍCIO;4;6;67;6;6;2918;4;100;2040;
RS;432215;TUNAS;4;6;67;6;6;3986;7;100;4585;
RS;430595;COTIPORÃ;4;6;67;6;6;4370;5;100;3824;
RS;430063;AMARAL FERRADOR;4;6;67;6;7;4650;11;86;7136;
MS;500520;LADÁRIO;4;62;6;52;62;14435;103;84;24040;
PR;412555;SÃO MANOEL DO PARANÁ;4;7;57;7;2;2350;2;350;2165;
SP;354625;SANTA CRUZ DA ESPERANÇA;4;7;57;7;5;2557;4;140;2166;
RS;431213;MATO CASTELHANO;4;7;57;7;5;3333;4;140;2543;
RS;430515;CERRO GRANDE;4;7;57;7;7;2783;6;100;2281;
PA;150580;PORTEL;4;72;6;72;40;5546;460;180;63831;
MG;314020;MARIPÁ DE MINAS;4;8;50;5;8;3889;6;63;3000;
RS;430783;EUGÊNIO DE CASTRO;4;8;50;6;8;2940;6;75;2310;
RS;431417;PEDRAS ALTAS;4;8;50;8;4;2331;3;200;1928;
SP;351680;GASTÃO VIDIGAL;4;8;50;8;4;4028;5;200;4911;
RS;430513;CERRO BRANCO;4;8;50;8;4;4523;4;200;4720;
TO;170382;CACHOEIRINHA;4;8;50;8;5;2384;5;160;2293;
RS;431335;NOVA ROMA DO SUL;4;8;50;8;5;4757;4;160;3743;
SC;421187;PAIAL;4;8;50;8;6;2221;4;133;1444;
GO;521260;MAIRIPOTABA;4;8;50;8;6;2788;5;133;2358;
PB;250590;EMAS;4;8;50;8;7;3483;7;114;3556;
MG;316090;SÃO BRÁS DO SUAÇUÍ;4;8;50;8;9;4947;7;89;3770;
PR;410360;CAMBARÁ;4;81;5;61;81;25298;82;75;25569;
SP;354040;POPULINA;4;9;44;5;9;4428;8;56;4136;
RN;240060;ALMINO AFONSO;4;9;44;9;10;4456;11;90;4685;
PR;411160;IVATUBA;4;9;44;9;2;3520;2;450;3299;
TO;172130;TUPIRATINS;4;9;44;9;3;2050;4;300;2785;
RS;430635;DEZESSEIS DE NOVEMBRO;4;9;44;9;4;2962;3;225;2331;
MG;311310;CARANAÍBA;4;9;44;9;5;3387;5;180;3150;
MG;316750;SIMÃO PEREIRA;4;9;44;9;5;3470;4;180;2621;
RS;430057;ALTO FELIZ;4;9;44;9;5;3490;4;180;3043;
MG;316230;SÃO JOÃO DA MATA;4;9;44;9;7;3256;6;129;2743;
PI;220779;PAU D'ARCO DO PIAUÍ;4;9;44;9;7;3986;7;129;4084;
MA;210260;CÂNDIDO MENDES;40;103;39;103;81;19079;86;127;20376;
BA;290860;CONDE;40;103;39;103;82;22519;96;126;26223;
MA;210810;PAULO RAMOS;40;107;37;107;84;18748;95;127;21092;
MG;316292;SÃO JOAQUIM DE BICAS;40;109;37;109;118;33595;115;92;32696;
AM;130426;UARINI;40;113;35;113;95;14187;93;119;13839;
SP;353880;PIRAJU;40;117;34;82;117;33689;104;70;29930;
RS;432160;TRAMANDAÍ;40;147;27;96;147;34425;229;65;53507;
SP;355650;VÁRZEA PAULISTA;40;152;26;152;158;50675;388;96;124269;
SP;350900;CAIEIRAS;40;213;19;159;213;50132;442;75;104044;
PA;150480;MONTE ALEGRE;40;224;18;224;206;40863;294;109;58289;
MG;313190;ITABIRITO;40;247;16;133;247;57618;227;54;52996;
PB;250940;MOGEIRO;40;55;73;55;65;15125;57;85;13238;
PE;260430;CEDRO;40;57;70;57;38;12023;38;150;11972;
SP;354425;ROSANA;40;59;68;59;60;17509;55;98;15929;
PR;410560;CIDADE GAÚCHA;40;61;66;61;39;12763;40;156;12939;
MA;210920;PRESIDENTE JUSCELINO;40;62;65;62;52;11428;59;119;12939;
MG;310100;ÁGUAS VERMELHAS;40;63;63;63;43;13794;43;147;13656;
RS;431960;SÃO SEPÉ;40;64;63;64;74;25628;68;86;23492;
PE;260270;BUENOS AIRES;40;66;61;66;48;12746;50;138;13224;
RN;241480;VERA CRUZ;40;66;61;66;58;14927;50;114;12789;
SP;353740;PEREIRA BARRETO;40;66;61;66;77;25182;79;86;25685;
MT;510770;ROSÁRIO OESTE;40;68;59;68;43;15625;47;158;16999;
RS;432020;SEBERI;40;68;59;68;59;13229;48;115;10678;
BA;290327;BARROCAS;40;68;59;68;62;17462;58;110;16225;
MG;312080;CRUZÍLIA;40;70;57;55;70;17454;62;79;15529;
CE;230526;IBARETAMA;40;70;57;70;48;11669;55;146;13385;
BA;292910;SÃO FELIPE;40;71;56;71;56;20458;58;127;21083;
BA;290200;ARACATU;40;72;56;72;58;14673;51;124;12960;
PR;410620;CONTENDA;40;73;55;73;66;19857;63;111;19082;
TO;170384;CAMPOS LINDOS;40;75;53;75;40;9434;44;188;10505;
PB;251630;SUMÉ;40;79;51;60;79;18114;75;76;17096;
CE;230205;BARROQUINHA;40;80;50;80;72;17038;64;111;15069;
AL;270070;BATALHA;40;81;49;81;75;18635;74;108;18440;
PA;150563;PIÇARRA;40;82;49;82;48;12309;51;171;12976;
PB;251450;SÃO JOSÉ DE PIRANHAS;40;83;48;70;83;21227;80;84;20406;
PR;410290;BITURUNA;40;83;48;83;87;17507;82;95;16411;
MA;210596;LAGOA GRANDE DO MARANHÃO;40;86;47;86;49;12511;45;176;11534;
AL;270210;COLÔNIA LEOPOLDINA;40;91;44;91;56;18666;66;163;21935;
PI;220330;DEMERVAL LOBÃO;40;92;43;75;92;18191;70;82;13862;
CE;230435;FORQUILHA;40;95;42;95;68;21729;77;140;24680;
BA;292230;MURITIBA;40;99;40;99;79;26040;89;125;29420;
PA;150420;MARABÁ;401;1068;38;1068;742;145440;1468;144;287664;
SP;354140;PRESIDENTE PRUDENTE;403;554;73;554;580;159845;842;96;231953;
SC;420460;CRICIÚMA;409;621;66;621;647;170729;832;96;219393;
CE;230710;JARDIM;41;116;35;92;116;25753;122;79;27187;
RN;240145;BARAÚNA;41;119;34;119;103;27061;111;116;29112;
PE;261485;TAMANDARÉ;41;132;31;132;115;23346;117;115;23852;
SE;280360;LARANJEIRAS;41;144;28;144;84;23284;109;171;30327;
RJ;330600;TRÊS RIOS;41;294;14;183;294;81999;296;62;82468;
PB;251130;PIANCÓ;41;47;87;47;45;15303;47;104;16147;
PR;412700;TEIXEIRA SOARES;41;48;85;48;30;11002;35;160;12761;
PR;411095;ITAIPULÂNDIA;41;49;84;49;38;13092;34;129;11588;
PR;410790;FLORESTA;41;51;80;51;60;11814;35;85;6926;
PR;412650;SERTANÓPOLIS;41;52;79;52;58;17981;53;90;16456;
PR;412300;SALTO DO LONTRA;41;54;76;54;48;14227;50;113;14957;
TO;171488;NOVA OLINDA;41;56;73;56;45;11372;48;124;12014;
PB;251310;SALGADO DE SÃO FÉLIX;41;56;73;56;45;13492;40;124;12123;
SC;421105;MONTE CARLO;41;58;71;58;44;10158;43;132;9945;
PE;261570;TRIUNFO;41;59;69;59;50;15564;49;118;15232;
BA;291850;JUSSARA;41;59;69;59;68;16471;63;87;15241;
PB;250640;GURINHÉM;41;60;68;60;59;15729;53;102;14125;
PB;250720;ITATUBA;41;61;67;61;40;11549;38;153;11069;
SP;351170;CHARQUEADA;41;62;66;62;29;10467;49;214;17539;
BA;291340;IGAPORÃ;41;62;66;62;35;15499;35;177;15661;
MG;311510;CÁSSIA;41;62;66;62;56;17002;58;111;17741;
PE;260180;BETÂNIA;41;65;63;65;44;12238;46;148;12811;
PB;250050;ALAGOINHA;41;65;63;65;63;16207;57;103;14629;
PE;261255;SANTA FILOMENA;41;66;62;66;36;10974;48;183;14645;
MG;313120;IPANEMA;41;66;62;66;70;21941;64;94;20133;
AL;270870;SÃO MIGUEL DOS MILAGRES;41;68;60;68;33;11007;24;206;8073;
RJ;330410;PORCIÚNCULA;41;70;59;70;62;19324;61;113;19068;
BA;292960;SAPEAÇU;41;70;59;70;78;19907;68;90;17421;
BA;292020;MALHADA;41;72;57;72;57;15794;61;126;16875;
PE;260810;JOÃO ALFREDO;41;72;57;72;71;28211;84;101;33570;
BA;292250;NAZARÉ;41;75;55;75;73;24718;85;103;28661;
GO;521890;RUBIATABA;41;76;54;76;83;22443;74;92;20012;
PR;411560;MATELÂNDIA;41;77;53;77;83;19434;78;93;18266;
SP;352610;JUQUIÁ;41;78;53;78;66;18891;65;118;18627;
MA;210255;CAMPESTRE DO MARANHÃO;41;79;52;79;55;13508;59;144;14530;
PI;221050;SÃO PEDRO DO PIAUÍ;41;84;49;84;63;14688;62;133;14356;
SP;351000;CÂNDIDO MOTA;41;87;47;87;44;16270;85;198;31410;
GO;521730;PIRENÓPOLIS;41;92;45;92;85;24855;86;108;25218;
SC;421780;TAIÓ;41;93;44;93;77;19858;72;121;18576;
RS;431690;SANTA MARIA;410;661;62;661;524;136465;1094;126;285159;
TO;170210;ARAGUAÍNA;411;796;52;796;827;152720;1008;96;186245;
MT;510792;SORRISO;417;627;67;627;620;109627;537;101;94941;
PR;411520;MARINGÁ;419;1175;36;712;1175;330325;1552;61;436472;
SP;350170;AMÉRICO BRASILIENSE;42;105;40;105;97;30279;133;108;41545;
BA;293350;WENCESLAU GUIMARÃES;42;105;40;105;98;19649;104;107;20862;
PR;410540;CHOPINZINHO;42;105;40;66;105;22410;89;63;19083;
MG;313440;ITURAMA;42;105;40;83;105;26957;156;79;40101;
SC;420940;LAGUNA;42;111;38;111;110;40378;127;101;46424;
BA;290630;CANAVIEIRAS;42;111;38;111;97;25815;115;114;30722;
MG;310860;BRASÍLIA DE MINAS;42;119;35;119;120;30014;130;99;32460;
MA;210510;ICATU;42;135;31;135;96;24543;107;141;27423;
PI;220620;MIGUEL ALVES;42;136;31;136;159;32924;164;86;33901;
PI;220570;LUÍS CORREIA;42;139;30;139;144;34457;128;97;30558;
GO;520910;GOIATUBA;42;141;30;84;141;36729;132;60;34307;
MS;500190;BATAGUASSU;42;145;29;97;145;28209;121;67;23620;
MG;314590;OURO BRANCO;42;155;27;118;155;44851;139;76;40220;
BA;290590;CAMPO ALEGRE DE LOURDES;42;158;27;158;135;28657;136;117;28839;
MG;311530;CATAGUASES;42;170;25;125;170;62084;208;74;75942;
RN;241230;SÃO JOSÉ DO CAMPESTRE;42;45;93;45;41;12377;43;110;12901;
CE;230680;JAGUARIBARA;42;47;89;47;35;11358;36;134;11580;
PB;250790;JURIPIRANGA;42;50;84;50;57;12108;51;88;10830;
SP;352800;MACATUBA;42;52;81;52;61;19527;54;85;17263;
GO;521640;PARAÚNA;42;56;75;56;46;12528;40;122;10988;
PR;411050;IPIRANGA;42;56;75;56;57;15706;56;98;15327;
MG;310190;ALPINÓPOLIS;42;61;69;61;65;20960;62;94;20059;
PB;251340;SANTA LUZIA;42;62;68;62;48;16079;46;129;15470;
PB;250480;COREMAS;42;63;67;63;59;17283;53;107;15438;
SC;421060;MASSARANDUBA;42;63;67;63;64;19770;56;98;17330;
MG;315980;SANTA VITÓRIA;42;64;66;64;74;21196;70;86;19997;
PR;411910;PIÊN;42;66;64;66;51;15035;44;129;13015;
MT;510700;POXORÉO;42;67;63;56;67;15173;70;84;15936;
CE;230395;CHOROZINHO;42;69;61;69;66;21538;62;105;20286;
SP;352600;JUNQUEIRÓPOLIS;42;71;59;51;71;22260;67;72;20978;
MG;314200;MIRABELA;42;71;59;71;46;13071;48;154;13651;
PE;261230;SALOÁ;42;71;59;71;49;16184;48;145;15880;
MS;500568;MUNDO NOVO;42;78;54;56;78;18065;80;72;18578;
MA;210409;FORMOSA DA SERRA NEGRA;42;79;53;79;51;16438;60;155;19425;
SC;421650;SÃO JOAQUIM;42;83;51;83;75;18508;110;111;27322;
MG;311320;CARANDAÍ;42;86;49;71;86;26572;84;83;25831;
AL;270750;PORTO REAL DO COLÉGIO;42;87;48;87;71;18762;76;123;20158;
MA;210230;BURITI BRAVO;42;88;48;88;103;20349;122;85;23993;
TO;170700;DIANÓPOLIS;42;89;47;89;73;19479;85;122;22704;
RS;431320;NOVA PETRÓPOLIS;42;90;47;64;90;26684;73;71;21717;
PE;260950;NAZARÉ DA MATA;42;91;46;91;96;27964;112;95;32673;
RS;430920;GRAVATAÍ;420;693;61;693;785;220643;1016;88;285564;
MS;500370;DOURADOS;425;1064;40;746;1064;193427;1254;70;227990;
RJ;330415;QUISSAMÃ;43;107;40;107;84;25352;85;127;25535;
SP;351518;ESPÍRITO SANTO DO PINHAL;43;124;35;73;124;39918;139;59;44607;
PR;410880;GUAÍRA;43;128;34;128;139;33378;139;92;33497;
MG;310170;ALMENARA;43;130;33;130;132;33920;165;98;42380;
SE;280570;PROPRIÁ;43;136;32;113;136;26650;152;83;29756;
PR;411125;ITAPERUÇU;43;145;30;145;150;30135;147;97;29493;
BA;292550;PRADO;43;161;27;132;161;32919;138;82;28214;
SC;420730;IMBITUBA;43;241;18;136;241;57073;193;56;45711;
ES;320510;VIANA;43;295;15;201;295;71910;331;68;80735;
PR;411120;ITAPEJARA D'OESTE;43;52;83;52;52;13887;46;100;12220;
RS;430690;ENCRUZILHADA DO SUL;43;54;80;54;56;17630;83;96;26039;
CE;230310;CARIRÉ;43;57;75;57;53;18518;53;108;18470;
SC;420840;ITAPIRANGA;43;57;75;57;63;19051;57;90;17139;
PE;260770;ITAPETIM;43;60;72;60;45;15928;38;133;13492;
PB;250440;CONCEIÇÃO;43;60;72;60;66;20051;63;91;19030;
MG;310260;ANDRADAS;43;66;65;66;66;20120;136;100;41704;
PR;410930;GUARANIAÇU;43;68;63;68;50;15090;40;136;11969;
GO;521710;PIRACANJUBA;43;69;62;69;57;20417;69;121;24543;
MT;510190;BRASNORTE;43;69;62;69;71;15951;92;97;20571;
GO;520350;BOM JESUS DE GOIÁS;43;73;59;73;80;22306;94;91;26069;
PE;260090;AMARAJI;43;74;58;74;73;19692;85;101;22910;
CE;230535;ICAPUÍ;43;75;57;75;74;21128;71;101;20183;
PR;410390;CAMPINA DA LAGOA;43;76;57;60;76;18098;58;79;13888;
SP;353460;OSVALDO CRUZ;43;79;54;66;79;28903;90;84;33118;
PE;260800;JATAÚBA;43;79;54;79;66;15754;72;120;17305;
PE;260650;IATI;43;79;54;79;72;19911;70;110;19284;
BA;290890;CORAÇÃO DE MARIA;43;80;54;80;66;25950;57;121;22391;
MS;500740;RIO VERDE DE MATO GROSSO;43;80;54;80;90;21061;86;89;20025;
PR;412750;TIBAGI;43;82;52;82;81;18379;91;101;20688;
SC;420010;ABELARDO LUZ;43;90;48;90;86;19683;79;105;18015;
SC;421170;ORLEANS;43;92;47;66;92;25193;85;72;23161;
RO;110001;ALTA FLORESTA D'OESTE;43;92;47;92;101;20960;108;91;22516;
MG;314720;PARAGUAÇU;43;93;46;93;84;24269;75;111;21693;
SC;420580;GARUVA;43;93;46;93;88;20377;81;106;18816;
MA;211180;SÍTIO NOVO;43;93;46;93;98;20339;88;95;18237;
PA;150157;BOM JESUS DO TOCANTINS;43;95;45;95;54;15787;59;176;17254;
MA;210455;GOVERNADOR EDISON LOBÃO;43;98;44;98;84;20205;78;117;18740;
SC;421830;TRÊS BARRAS;43;99;43;99;98;23547;81;101;19455;
GO;520970;HIDROLÂNDIA;44;105;42;83;105;24112;98;79;22533;
SC;421690;SÃO LOURENÇO DO OESTE;44;110;40;65;110;26700;101;59;24501;
MS;500380;FÁTIMA DO SUL;44;111;40;63;111;24345;87;57;19152;
PA;150835;VITÓRIA DO XINGU;44;113;39;80;113;15478;113;71;15421;
AL;270890;SATUBA;44;113;39;92;113;16598;96;81;14042;
PE;260030;AGRESTINA;44;117;38;117;97;25272;97;121;25240;
AM;130160;FONTE BOA;44;136;32;107;136;14639;152;79;16409;
PR;411540;MARMELEIRO;44;58;76;58;60;15612;55;97;14407;
SC;420450;CORUPÁ;44;59;75;59;47;17973;43;126;16300;
PR;410050;ALTÔNIA;44;60;73;60;53;20935;56;113;22293;
PB;250100;ARARUNA;44;62;71;62;63;19796;66;98;20610;
RS;431265;NÃO-ME-TOQUE;44;62;71;62;71;18627;68;87;17886;
BA;290115;AMÉRICA DOURADA;44;63;70;63;56;16628;54;113;16086;
PE;260580;FREI MIGUELINHO;44;64;69;64;32;13418;37;200;15633;
PE;260240;BREJÃO;44;64;69;64;63;12667;45;102;8981;
MS;500430;IGUATEMI;44;64;69;64;66;15259;70;97;16273;
GO;520130;ANICUNS;44;66;67;66;54;20223;59;122;22113;
RN;240770;MONTANHAS;44;66;67;66;61;13561;50;108;11166;
CE;230450;FRECHEIRINHA;44;68;65;68;76;16685;65;89;14195;
MT;510337;COTRIGUAÇU;44;72;61;72;26;12032;45;277;20717;
PE;260080;ALTINHO;44;73;60;73;68;20402;77;107;22996;
SP;352280;ITAPORANGA;44;76;58;76;53;16023;50;143;15197;
CE;230763;MADALENA;44;77;57;77;59;18335;64;131;20031;
MT;510300;CHAPADA DOS GUIMARÃES;44;83;53;83;65;20773;70;128;22521;
BA;291580;ITAMBÉ;44;85;52;85;70;23139;68;121;22474;
PE;260390;CARNAÍBA;44;89;49;57;89;20950;84;64;19666;
PI;220230;CANTO DO BURITI;44;89;49;89;77;21301;77;116;21326;
BA;293200;UAUÁ;44;89;49;89;94;23657;95;95;23991;
RS;432190;TRÊS PASSOS;44;92;48;92;97;26922;86;95;23799;
PA;150145;BELTERRA;45;106;42;106;81;17551;83;131;17944;
SP;352410;ITUVERAVA;45;112;40;89;112;36410;130;79;42259;
MA;210650;MATINHA;45;117;38;117;108;24280;105;108;23591;
SE;280060;BARRA DOS COQUEIROS;45;123;37;123;129;25905;157;95;31439;
MA;211223;TRIZIDELA DO VALE;45;126;36;126;90;21839;92;140;22223;
AM;130310;NOVA OLINDA DO NORTE;45;134;34;134;84;19557;167;160;38665;
SP;352570;JOSÉ BONIFÁCIO;45;137;33;93;137;39066;132;68;37707;
MG;317200;VISCONDE DO RIO BRANCO;45;139;32;139;142;40043;154;98;43351;
AM;130060;BENJAMIN CONSTANT;45;150;30;150;145;21472;304;103;44873;
PI;220290;CORRENTE;45;157;29;157;131;26047;135;120;26771;
SP;353110;MONGAGUÁ;45;176;26;176;132;37234;207;133;58567;
SP;350635;BERTIOGA;45;186;24;144;186;46159;267;77;66154;
MG;316250;SÃO JOÃO DEL REI;45;247;18;157;247;71805;313;64;90897;
SC;420020;AGROLÂNDIA;45;55;82;55;30;11888;28;183;11160;
SP;354770;SANTO ANASTÁCIO;45;57;79;57;45;18888;50;127;20855;
CE;231135;QUIXELÔ;45;57;79;57;53;18280;47;108;16116;
MT;510615;NOVA BANDEIRANTES;45;61;74;61;34;12120;45;179;16052;
BA;290870;CONDEÚBA;45;61;74;61;61;17927;58;100;17113;
CE;230900;MUCAMBO;45;62;73;62;50;15951;46;124;14561;
PR;412730;TERRA RICA;45;62;73;62;51;16880;52;122;17054;
SP;353020;MIRANTE DO PARANAPANEMA;45;64;70;64;45;17978;46;142;18415;
CE;230330;CARIÚS;45;64;70;64;61;18403;62;105;18700;
MT;510710;SÃO JOSÉ DOS QUATRO MARCOS;45;66;68;66;62;16773;69;106;18788;
MG;317100;VAZANTE;45;66;68;66;70;22168;65;94;20692;
MG;312400;ERVÁLIA;45;66;68;66;76;22226;65;87;19019;
BA;290410;BOQUIRA;45;67;67;67;50;14233;75;134;21486;
PB;251670;TEIXEIRA;45;68;66;57;68;16389;64;84;15333;
SP;351905;HOLAMBRA;45;68;66;68;44;12511;55;155;15605;
PB;250190;BELÉM;45;69;65;69;64;19564;58;108;17733;
BA;292240;MUTUÍPE;45;69;65;69;70;23027;68;99;22340;
MG;313900;MACHADO;45;74;61;74;87;28473;131;85;42682;
BA;290140;ANGICAL;45;75;60;75;43;14268;42;174;13902;
SC;420690;IBIRAMA;45;79;57;79;69;22016;60;114;19238;
PR;411440;MANGUEIRINHA;45;80;56;59;80;18230;73;74;16572;
SP;353080;MOGI MIRIM;45;82;55;82;74;23094;303;111;94098;
SP;353130;MONTE ALTO;45;82;55;82;86;28541;154;95;51039;
AL;270520;MESSIAS;45;87;52;87;65;16848;70;134;18201;
ES;320405;PEDRO CANÁRIO;45;87;52;87;84;22499;99;104;26575;
SP;355150;SERRANA;45;87;52;87;96;25613;173;91;46166;
MA;210083;APICUM-AÇU;45;88;51;88;68;17164;70;129;17582;
BA;291160;GOVERNADOR MANGABEIRA;45;91;49;91;65;23489;58;140;20800;
SC;420630;GUABIRUBA;45;92;49;92;80;26007;77;115;24922;
GO;522020;SÃO MIGUEL DO ARAGUAIA;45;95;47;77;95;22254;93;81;21849;
MT;510550;VILA BELA DA SANTÍSSIMA TRINDADE;45;96;47;96;69;17849;63;139;16412;
SC;421190;PALHOÇA;452;997;45;739;997;202842;878;74;178679;
GO;520025;ÁGUAS LINDAS DE GOIÁS;453;981;46;981;519;135847;851;189;222850;
MG;312420;ESPERA FELIZ;46;101;46;101;106;26923;100;95;25287;
BA;292380;PARIPIRANGA;46;103;45;103;74;26099;83;139;29124;
PI;220780;PAULISTANA;46;111;41;111;101;22147;94;110;20583;
PE;260775;ITAPISSUMA;46;111;41;111;85;25093;92;131;27144;
PA;150277;CURIONÓPOLIS;46;123;37;123;81;18532;78;152;17764;
PA;150803;TRACUATEUA;46;130;35;130;134;27952;151;97;31549;
MA;210850;PINDARÉ-MIRIM;46;139;33;139;139;29821;155;100;33186;
BA;292950;SÃO SEBASTIÃO DO PASSÉ;46;146;32;146;125;38025;147;117;44554;
MS;500630;PARANAÍBA;46;154;30;86;154;40562;161;56;42401;
PR;411580;MEDIANEIRA;46;164;28;123;164;35890;214;75;46940;
MG;313520;JANUÁRIA;46;214;21;214;193;52430;250;111;67958;
SP;353980;POÁ;46;215;21;215;171;44394;459;126;119221;
CE;231090;PIQUET CARNEIRO;46;54;85;54;43;15993;46;126;17210;
SP;355300;TAGUAÍ;46;54;85;54;51;14780;50;106;14415;
PE;261400;SERRITA;46;60;77;60;63;19017;64;95;19226;
SC;420970;LEBON RÉGIS;46;63;73;63;41;13014;38;154;12122;
PR;412720;TERRA BOA;46;71;65;71;73;20743;61;97;17304;
SP;352010;IGARAPAVA;46;72;64;72;61;25157;75;118;30791;
BA;291210;IBICARAÍ;46;72;64;72;66;25224;55;109;21083;
MG;315770;SANTA JULIANA;46;76;61;76;70;16312;62;109;14497;
SE;280550;POÇO VERDE;46;77;60;77;82;22009;89;94;24003;
RS;431100;JAGUARÃO;46;81;57;81;86;24598;92;94;26327;
MA;210150;BARÃO DE GRAJAÚ;46;89;52;89;81;18826;82;110;19026;
PE;260560;FLORES;46;94;49;94;58;22529;58;162;22612;
TO;170255;AUGUSTINÓPOLIS;46;95;48;95;102;19322;100;93;18870;
SP;352180;ITAÍ;46;99;46;99;74;20112;102;134;27632;
SP;352940;MAUÁ;467;1076;43;1076;712;228187;1503;151;481725;
PR;410940;GUARAPUAVA;468;949;49;801;949;183162;952;84;183755;
AL;270100;BOCA DA MATA;47;101;47;101;84;24373;94;120;27429;
ES;320080;BAIXO GUANDU;47;108;44;108;111;31953;109;97;31263;
PE;261500;TAQUARITINGA DO NORTE;47;110;43;110;84;22932;108;131;29472;
TO;172120;TOCANTINÓPOLIS;47;114;41;76;114;22078;118;67;22820;
PR;412800;UBIRATÃ;47;123;38;70;123;28704;89;57;20809;
BA;291190;IAÇU;47;131;36;109;131;27323;115;83;23950;
MG;313840;LEOPOLDINA;47;143;33;106;143;43701;172;74;52690;
SC;420960;LAURO MULLER;47;59;80;59;40;16599;37;148;15380;
PR;411280;JOAQUIM TÁVORA;47;60;78;60;45;13988;39;133;12108;
CE;230070;ALTO SANTO;47;60;78;60;45;15276;47;133;16077;
SC;420195;BALNEÁRIO ARROIO DO SILVA;47;61;77;61;53;16930;43;115;13782;
SP;353530;PALMITAL;47;63;75;63;62;21220;65;102;22322;
MA;210390;DUQUE BACELAR;47;64;73;64;58;12130;55;110;11451;
MA;210630;MAGALHÃES DE ALMEIDA;47;65;72;65;43;15961;54;151;20228;
MG;312830;GUARANÉSIA;47;67;70;67;75;22371;64;89;19014;
PB;250080;ARAÇAGI;47;71;66;71;61;17671;58;116;16857;
BA;291085;FILADÉLFIA;47;73;64;73;84;18762;73;87;16314;
SC;420710;ILHOTA;47;75;63;75;58;19697;43;129;14531;
MG;316970;TURMALINA;47;76;62;76;37;21000;36;205;20280;
RN;240980;PEDRO VELHO;47;81;58;81;58;15776;55;140;14881;
SP;353920;PIRAPOZINHO;47;83;57;58;83;26989;86;70;27974;
PR;411210;JANDAIA DO SUL;47;86;55;71;86;23842;77;83;21281;
MG;313090;INHAPIM;47;87;54;87;68;23957;68;128;24020;
MG;313580;JEQUITINHONHA;47;90;52;90;74;22991;82;122;25555;
CE;231335;TEJUÇUOCA;47;91;52;91;57;17947;62;160;19551;
RN;241420;TIBAU DO SUL;47;94;50;94;92;19263;70;102;14694;
CE;231110;PORTEIRAS;47;98;48;71;98;18038;81;72;14920;
SC;420820;ITAJAÍ;472;1152;41;932;1152;232497;1123;81;226617;
MA;210530;IMPERATRIZ;479;1472;33;1071;1472;242374;1579;73;259980;
TO;170930;GUARAÍ;48;100;48;100;103;24167;112;97;26403;
AL;270330;INHAPI;48;102;47;102;76;17412;80;134;18398;
SC;420395;CAPIVARI DE BAIXO;48;103;47;77;103;26483;99;75;25477;
PI;220020;ÁGUA BRANCA;48;103;47;78;103;20198;89;76;17525;
MS;500210;BELA VISTA;48;106;45;106;81;18635;108;131;24842;
RO;110033;NOVA MAMORÉ;48;107;45;107;80;18021;142;134;32184;
PE;260590;GAMELEIRA;48;110;44;110;55;20693;84;200;31578;
PE;261190;RIO FORMOSO;48;110;44;110;96;21857;104;115;23719;
MG;310900;BRUMADINHO;48;111;43;111;108;37694;118;103;41208;
BA;291290;IBIRATAIA;48;118;41;83;118;20397;84;70;14476;
MA;210550;JOÃO LISBOA;48;145;33;100;145;24126;142;69;23677;
PE;260005;ABREU E LIMA;48;241;20;186;241;59966;405;77;100698;
CE;230670;JAGUARETAMA;48;62;77;62;47;18372;46;132;18133;
BA;290690;CARAVELAS;48;73;66;73;64;20935;68;114;22166;
SC;420810;ITAIÓPOLIS;48;73;66;73;83;22751;80;88;21889;
PE;260845;LAGOA DO CARRO;48;74;65;74;62;17448;66;119;18429;
TO;171190;LAGOA DA CONFUSÃO;48;76;63;76;58;11915;68;131;13989;
ES;320340;MIMOSO DO SUL;48;79;61;79;71;26172;71;111;26079;
SP;354300;RIBEIRÃO BRANCO;48;80;60;64;80;15314;84;80;15984;
PE;260450;CHÃ GRANDE;48;80;60;80;90;20862;95;89;21929;
MG;311880;CORAÇÃO DE JESUS;48;81;59;81;63;24932;67;129;26620;
SP;350710;BOM JESUS DOS PERDÕES;48;84;57;84;46;13327;91;183;26506;
PA;150616;RIO MARIA;48;85;56;85;92;20033;84;92;18208;
SP;352044;ILHA SOLTEIRA;48;88;55;70;88;32795;72;80;26886;
RS;432180;TRÊS DE MAIO;48;89;54;71;89;24244;88;80;23846;
MG;313960;MANTENA;48;89;54;89;105;28058;103;85;27651;
RS;431530;QUARAÍ;48;90;53;90;67;19019;79;134;22531;
BA;290670;CÂNDIDO SALES;48;96;50;78;96;26910;89;81;24921;
AL;270010;ÁGUA BRANCA;48;97;49;97;106;21103;102;92;20263;
BA;290280;BARRA DA ESTIVA;48;99;48;81;99;19648;102;82;20198;
BA;290570;CAMAÇARI;485;1071;45;1071;924;229806;1243;116;309208;
PR;412080;QUATRO BARRAS;49;101;49;73;101;26967;91;72;24253;
MG;311660;CLÁUDIO;49;103;48;103;116;31941;106;89;29093;
PB;250490;CRUZ DO ESPÍRITO SANTO;49;105;47;105;102;21427;84;103;17599;
BA;292720;RUY BARBOSA;49;105;47;105;118;29809;122;89;30900;
MG;311910;CORINTO;49;106;46;106;83;24498;80;128;23607;
PR;410970;IBAITI;49;106;46;77;106;31546;107;73;31854;
SP;350010;ADAMANTINA;49;109;45;109;105;36820;100;104;35153;
PI;220150;BATALHA;49;110;45;110;111;28131;106;99;26951;
MG;317080;VÁRZEA DA PALMA;49;111;44;111;95;32962;115;117;40101;
AM;130080;BORBA;49;119;41;119;107;20520;221;111;42328;
MA;210805;PAULINO NEVES;49;136;36;136;111;17766;102;123;16295;
RJ;330200;ITAGUAÍ;49;212;23;212;193;49747;530;110;136547;
RJ;330520;SÃO PEDRO DA ALDEIA;49;250;20;250;293;59402;531;85;107556;
MG;313820;LAVRAS;49;283;17;137;283;69208;432;48;105756;
MG;314180;MINAS NOVAS;49;70;70;70;71;26554;84;99;31509;
BA;293080;SOUTO SOARES;49;74;66;74;48;17632;47;154;17118;
CE;230200;BARRO;49;76;64;76;59;22448;60;129;22834;
MA;211107;SÃO JOÃO DO SOTER;49;76;64;76;73;18830;73;104;18746;
PB;250680;INGÁ;49;85;58;66;85;19657;79;78;18184;
RS;430535;CHARQUEADAS;49;85;58;85;78;34971;93;109;41705;
PE;260470;CORRENTES;49;86;57;86;50;15075;61;172;18327;
PE;260980;OROCÓ;49;86;57;86;64;14394;68;134;15309;
CE;231126;QUITERIANÓPOLIS;49;86;57;86;78;21976;75;110;21246;
MG;314630;PADRE PARAÍSO;49;87;56;87;63;19320;66;138;20346;
AC;120040;RIO BRANCO;490;1438;34;1438;1272;266287;2004;113;419452;
SP;350600;BAURU;492;846;58;846;765;208464;1400;111;381706;
PI;220887;RIBEIRA DO PIAUÍ;5;10;50;10;10;4670;10;100;4499;
MG;311690;COMENDADOR GOMES;5;10;50;10;2;3303;2;500;3128;
PR;411830;PARANAPOEMA;5;10;50;10;3;2553;4;333;3277;
MG;316000;SANTO ANTÔNIO DO AVENTUREIRO;5;10;50;10;4;3909;4;250;3602;
SC;421835;TREVISO;5;10;50;10;8;4444;7;125;4002;
SC;420005;ABDON BATISTA;5;10;50;10;9;3120;7;111;2534;
RS;431937;SÃO PEDRO DO BUTIÁ;5;10;50;10;9;3387;8;111;2950;
RS;430045;ALEGRIA;5;10;50;6;10;4160;8;60;3287;
MG;311480;CARVALHOS;5;10;50;7;10;4924;9;70;4445;
RS;430185;BARRA DO GUARITA;5;10;50;8;10;3632;9;80;3266;
MG;315730;SANTA BÁRBARA DO TUGÚRIO;5;10;50;8;10;4874;9;80;4385;
GO;521295;MATRINCHÃ;5;11;45;11;10;4306;10;110;4321;
PR;412395;SANTA MÔNICA;5;11;45;11;12;3901;12;92;4052;
MG;315900;SANTANA DO RIACHO;5;11;45;11;13;5726;10;85;4334;
MG;311970;CORONEL XAVIER CHAVES;5;11;45;11;5;4207;4;220;3448;
PR;410855;GODOY MOREIRA;5;11;45;11;6;3196;5;183;2850;
GO;522155;TURVELÂNDIA;5;11;45;8;11;4237;14;73;5447;
SP;354165;QUADRA;5;11;45;9;11;3940;11;82;3902;
MG;311060;CAMBUÍ;5;110;5;47;110;33638;98;43;30068;
SP;350140;ÁLVARO DE CARVALHO;5;12;42;12;13;7582;9;92;5320;
SP;353230;NATIVIDADE DA SERRA;5;12;42;12;6;4193;10;200;6624;
GO;520650;CROMÍNIA;5;12;42;12;8;4548;6;150;3458;
RS;430597;COXILHA;5;12;42;5;12;3615;9;42;2731;
MG;312675;FRANCISCÓPOLIS;5;12;42;7;12;5215;12;58;5287;
MG;314230;MOEDA;5;13;38;10;13;5157;12;77;4948;
SP;352300;ITAPURA;5;13;38;13;14;4827;14;93;4994;
RS;431030;ILÓPOLIS;5;13;38;6;13;4332;12;46;4054;
SC;421520;ROMELÂNDIA;5;13;38;6;13;5472;11;46;4584;
PR;411573;MATO RICO;5;13;38;7;13;3834;11;54;3142;
SP;354060;PORTO FELIZ;5;138;4;138;142;40200;190;97;53698;
PI;220675;NOSSA SENHORA DE NAZARÉ;5;14;36;14;16;5619;14;88;4911;
MG;314490;NOVA MÓDICA;5;14;36;14;7;4285;6;200;3548;
MG;316160;SÃO GERALDO DA PIEDADE;5;14;36;14;8;4067;8;175;3860;
RS;431150;LAVRAS DO SUL;5;15;33;15;14;5860;18;107;7410;
RN;241050;RAFAEL FERNANDES;5;15;33;15;16;5616;15;94;5158;
PB;251300;SALGADINHO;5;15;33;15;5;3668;5;300;3975;
GO;520915;GOUVELÂNDIA;5;15;33;15;8;5113;10;188;6076;
PA;150820;VIGIA;5;158;3;158;112;28001;218;141;54650;
SC;421917;VARGEM BONITA;5;16;31;12;16;4916;14;75;4411;
PR;411310;KALORÉ;5;16;31;13;16;5236;12;81;3996;
GO;521290;MARZAGÃO;5;16;31;16;13;3155;9;123;2263;
GO;521870;RIANÁPOLIS;5;16;31;16;14;5144;13;114;4832;
MS;500730;RIO NEGRO;5;16;31;16;16;5425;14;100;4758;
MT;510590;NOBRES;39;82;48;58;82;17809;71;71;15332;
MT;510562;MIRASSOL D'OESTE;47;101;47;78;101;22628;125;77;28135;
MS;500710;RIBAS DO RIO PARDO;42;88;48;88;51;16036;81;173;25310;
MG;312010;COUTO DE MAGALHÃES DE MINAS;5;13;38;13;12;4512;12;108;4436;
MG;313100;INHAÚMA;5;16;31;16;16;6948;15;100;6352;
MG;313730;LAGOA DOS PATOS;5;16;31;16;9;3837;10;178;4062;
MG;315090;PIRANGUÇU;5;16;31;9;16;6292;14;56;5504;
SP;355620;VALINHOS;5;160;3;15;160;56316;379;9;133169;
MG;315213;PONTO CHIQUE;5;17;29;17;11;3856;12;155;4305;
MG;310010;ABADIA DOS DOURADOS;5;17;29;17;15;6773;16;113;7022;
MA;210180;BENEDITO LEITE;5;17;29;17;16;5057;18;106;5643;
TO;171850;RECURSOLÂNDIA;5;17;29;17;7;3873;8;243;4389;
MG;313652;JOSÉ GONÇALVES DE MINAS;5;17;29;17;9;3952;10;189;4474;
SP;354090;PRADÓPOLIS;5;17;29;7;17;6512;58;41;22239;
MG;314260;MONSENHOR PAULO;5;18;28;18;12;9109;12;150;8764;
PI;220605;MASSAPÊ DO PIAUÍ;5;18;28;18;14;6840;13;129;6456;
SP;354620;SANTA CRUZ DA CONCEIÇÃO;5;18;28;18;8;6265;6;225;4584;
MG;312490;EUGENÓPOLIS;5;19;26;16;19;11123;19;84;11383;
MG;312500;EWBANK DA CÂMARA;5;19;26;19;15;4892;12;127;3932;
PE;260545;FERNANDO DE NORONHA;5;19;26;19;15;6786;7;127;3140;
PI;220342;DOMINGOS MOURÃO;5;20;25;20;15;4583;14;133;4352;
SP;355470;TORRINHA;5;20;25;20;15;5634;26;133;10100;
MG;316410;SÃO PEDRO DO SUAÇUÍ;5;20;25;20;17;5590;16;118;5160;
RN;241320;SENADOR GEORGINO AVELINO;5;20;25;20;18;4808;17;111;4527;
MT;510390;GENERAL CARNEIRO;5;20;25;7;20;3616;31;35;5726;
MG;317120;VESPASIANO;5;206;2;115;206;47924;568;56;131849;
PI;220990;SÃO JOÃO DA SERRA;5;21;24;15;21;6973;18;71;6106;
SE;280380;MALHADA DOS BOIS;5;21;24;21;16;4843;12;131;3715;
RS;432143;TERRA DE AREIA;5;23;22;18;23;8818;30;78;11323;
SP;355440;TERRA ROXA;5;24;21;12;24;9303;25;50;9502;
SC;420315;CALMON;5;25;20;14;25;4528;18;56;3325;
RN;240350;ESPÍRITO SANTO;5;25;20;14;25;9827;27;56;10463;
PI;221065;SIGEFREDO PACHECO;5;26;19;26;23;8692;27;113;10074;
SP;354370;RINCÃO;5;27;19;12;27;9070;32;44;10824;
AP;160055;PRACUÚBA;5;29;17;29;16;4284;20;181;5370;
SP;354860;SÃO BENTO DO SAPUCAÍ;5;31;16;18;31;11452;30;58;10907;
RS;431460;PIRATINI;5;32;16;32;28;13044;45;114;20743;
SP;350690;BOFETE;5;35;14;35;16;6149;32;219;12107;
BA;292030;MALHADA DE PEDRAS;5;35;14;35;26;8102;27;135;8326;
MG;311390;CARMO DA CACHOEIRA;5;35;14;35;27;12248;27;130;12193;
BA;291845;JUCURUÇU;5;36;14;36;25;9367;24;144;8856;
MG;311100;CAMPESTRE;5;39;13;24;39;18017;46;62;21052;
RS;430163;BALNEÁRIO PINHAL;5;48;10;48;37;13431;40;130;14645;
RS;431513;POUSO NOVO;5;5;100;5;4;2094;3;125;1586;
SP;353657;PAULISTÂNIA;5;5;100;5;4;2354;3;125;1835;
MG;316490;SÃO SEBASTIÃO DO RIO VERDE;5;5;100;5;5;2592;4;100;2259;
BA;291310;IBITITÁ;5;50;10;50;46;15662;50;109;17048;
MA;211153;SÃO PEDRO DA ÁGUA BRANCA;5;51;10;51;26;8577;39;196;12779;
MT;510637;PEDRA PRETA;5;53;9;53;55;12929;75;96;17547;
MG;314570;OLIVEIRA FORTES;5;6;83;6;3;2219;3;200;2128;
SP;354930;SÃO JOÃO DO PAU D'ALHO;5;6;83;6;4;2641;3;150;2095;
SC;420475;CUNHATAÍ;5;6;83;6;5;2274;4;120;1972;
SP;352820;MACEDÔNIA;5;6;83;6;5;2466;7;120;3686;
RS;432335;VILA LÂNGARO;5;6;83;6;5;2608;4;120;2070;
SP;354440;RUBIÁCEA;5;6;83;6;5;3285;5;120;3195;
SC;420257;BOM JESUS DO OESTE;5;6;83;6;6;2361;5;100;2136;
RS;432345;VILA NOVA DO SUL;5;6;83;6;6;5107;5;100;4274;
SE;280580;RIACHÃO DO DANTAS;5;60;8;34;60;19502;61;57;19813;
PA;150750;SÃO JOÃO DO ARAGUAIA;5;61;8;61;44;12807;48;139;14105;
PR;411620;MORRETES;5;61;8;61;50;13872;59;122;16485;
RJ;330560;SILVA JARDIM;5;64;8;47;64;20498;68;73;21775;
PR;410752;ESPERANÇA NOVA;5;7;71;5;7;2374;5;71;1633;
PB;251465;SÃO JOSÉ DO BREJO DO CRUZ;5;7;71;7;4;2038;4;175;1821;
GO;520929;GUARAÍTA;5;7;71;7;4;2647;3;175;1905;
RS;430957;HERVEIRAS;5;7;71;7;4;2873;4;175;3019;
SP;351010;CÂNDIDO RODRIGUES;5;7;71;7;4;3273;3;175;2805;
RS;431244;MORRINHOS DO SUL;5;7;71;7;5;3560;4;140;2891;
RS;431520;PUTINGA;5;7;71;7;5;4196;5;140;3861;
PR;412135;RANCHO ALEGRE D'OESTE;5;7;71;7;7;3007;6;100;2602;
PB;251394;SÃO DOMINGOS DO CARIRI;5;7;71;7;7;3061;6;100;2645;
PI;220935;SANTANA DO PIAUÍ;5;7;71;7;7;4655;7;100;4650;
RN;240410;GALINHOS;5;7;71;7;8;2671;9;88;2903;
RS;432350;VISTA ALEGRE;5;7;71;7;8;3029;7;88;2726;
MG;312640;FORTUNA DE MINAS;5;7;71;7;8;3556;7;88;2986;
MG;314880;PEDRA DO ANTA;5;7;71;7;8;4068;6;88;2960;
RS;430670;DONA FRANCISCA;5;8;63;6;8;2840;8;75;2958;
SP;355570;UNIÃO PAULISTA;5;8;63;8;2;1964;2;400;1886;
PR;410340;CAFEARA;5;8;63;8;3;3458;3;267;2973;
RS;431295;NOVA BOA VISTA;5;8;63;8;4;2543;3;200;1731;
RS;431642;SAGRADA FAMÍLIA;5;8;63;8;4;2841;4;200;2601;
GO;521945;SANTA RITA DO NOVO DESTINO;5;8;63;8;4;3139;4;200;3367;
TO;171525;NOVO JARDIM;5;8;63;8;5;2504;6;160;2768;
GO;521030;ISRAELÂNDIA;5;8;63;8;5;3279;4;160;2772;
TO;170460;CHAPADA DE AREIA;5;8;63;8;6;1957;4;133;1415;
MG;310320;ARAÇAÍ;5;8;63;8;6;2621;5;133;2360;
RS;430865;GARRUCHOS;5;8;63;8;6;3360;5;133;2851;
SP;352750;LUCIANÓPOLIS;5;8;63;8;6;3418;4;133;2412;
SC;421260;PERITIBA;5;8;63;8;7;3316;6;114;2733;
RS;432183;TRÊS FORQUILHAS;5;8;63;8;7;3592;5;114;2643;
PR;412085;QUATRO PONTES;5;8;63;8;7;4129;7;114;4043;
RS;430975;IBARAMA;5;8;63;8;7;4541;7;114;4393;
RN;240040;ÁGUA NOVA;5;8;63;8;8;3575;7;100;3293;
RS;431198;MARIANA PIMENTEL;5;8;63;8;9;4345;8;89;3892;
SP;353215;NANTES;5;9;56;6;9;3270;9;67;3215;
PB;251070;PASSAGEM;5;9;56;7;9;2898;8;78;2453;
GO;520235;ARENÓPOLIS;5;9;56;7;9;3560;6;78;2462;
GO;520945;GUARINOS;5;9;56;9;1;2454;1;900;1681;
RS;431844;SÃO JORGE;5;9;56;9;3;3242;3;300;2808;
PR;410185;ARIRANHA DO IVAÍ;5;9;56;9;5;2725;4;180;2026;
RN;240920;PASSAGEM;5;9;56;9;5;3214;5;180;3114;
TO;171889;SANTA RITA DO TOCANTINS;5;9;56;9;6;2572;6;150;2407;
RN;241060;RAFAEL GODEIRO;5;9;56;9;6;3629;5;150;3214;
MG;311990;CÓRREGO DO BOM JESUS;5;9;56;9;6;4503;5;150;3685;
PI;220960;SÃO FÉLIX DO PIAUÍ;5;9;56;9;7;3270;6;129;2923;
RN;241000;PILÕES;5;9;56;9;7;3508;8;129;3900;
RS;431970;SÃO VALENTIM;5;9;56;9;7;3804;6;129;3220;
RS;431912;SÃO MARTINHO DA SERRA;5;9;56;9;7;4270;5;129;3228;
RN;240960;PEDRA PRETA;5;9;56;9;8;3284;6;113;2419;
TO;171280;MAURILÂNDIA DO TOCANTINS;5;9;56;9;8;3609;8;113;3470;
PB;251720;VIEIRÓPOLIS;5;9;56;9;8;5581;8;113;5395;
PR;410810;FLÓRIDA;5;9;56;9;9;3203;8;100;2709;
AM;130280;MARAÃ;50;106;47;106;79;12679;114;134;18298;
SP;352620;JUQUITIBA;50;119;42;119;124;31650;125;96;31844;
SP;352640;LARANJAL PAULISTA;50;124;40;90;124;33746;107;73;29047;
GO;521460;NIQUELÂNDIA;50;128;39;128;74;31568;110;173;47064;
PI;221000;SÃO JOÃO DO PIAUÍ;50;129;39;91;129;23651;113;71;20720;
MT;510480;JACIARA;50;140;36;106;140;28650;135;76;27696;
BA;290750;CATU;50;145;34;145;132;45540;160;110;55222;
MA;211070;SÃO DOMINGOS DO MARANHÃO;50;180;28;180;167;33238;173;108;34391;
PR;411190;JAGUAPITÃ;50;64;78;64;41;12495;45;156;13861;
BA;292205;MULUNGU DO MORRO;50;66;76;66;72;13649;55;92;10469;
BA;292760;SANTA BRÍGIDA;50;71;70;71;69;15687;61;103;13917;
PR;412740;TERRA ROXA;50;73;68;60;73;18144;71;82;17562;
MT;510624;NOVA UBIRATÃ;50;73;68;73;48;11645;52;152;12492;
RS;431950;SÃO SEBASTIÃO DO CAÍ;50;73;68;73;61;19568;82;120;26161;
CE;230423;CROATÁ;50;75;67;75;56;18937;54;134;18201;
MG;316270;SÃO JOÃO DO PARAÍSO;50;75;67;75;69;22164;74;109;23797;
PR;410630;CORBÉLIA;50;82;61;82;81;20859;67;101;17162;
CE;230445;FORTIM;50;83;60;83;58;18255;53;143;16776;
CE;230660;ITATIRA;50;84;60;84;91;23636;85;92;22018;
MS;500793;SONORA;50;85;59;85;58;17838;66;147;20158;
ES;320420;PIÚMA;50;87;57;87;79;19554;91;110;22388;
SP;352320;ITARARÉ;50;87;57;87;88;24635;182;99;50778;
CE;230290;CAPISTRANO;50;89;56;89;66;18841;62;135;17830;
MT;510330;COMODORO;50;91;55;91;101;19421;111;90;21249;
SP;355060;SÃO ROQUE;50;92;54;92;97;28576;316;95;93076;
BA;292110;MEDEIROS NETO;50;93;54;93;72;22999;71;129;22741;
MG;313930;MANGA;50;95;53;77;95;20092;85;81;18051;
PR;411690;NOVA ESPERANÇA;50;98;51;70;98;29820;92;71;28062;
RO;110020;PORTO VELHO;500;1538;33;1538;1594;320437;2730;96;548952;
PB;250400;CAMPINA GRANDE;502;1396;36;1082;1396;303407;1904;78;413830;
SP;351500;EMBU DAS ARTES;506;1020;50;1020;973;236220;1150;105;279264;
MG;310670;BETIM;508;1231;41;1231;1301;338265;1731;95;450024;
MG;313210;ITACARAMBI;51;100;51;100;84;18851;81;119;18175;
MG;316760;SIMONÉSIA;51;100;51;100;99;21399;92;101;19834;
SC;421290;PINHALZINHO;51;100;51;70;100;23051;92;70;21103;
MG;311730;CONCEIÇÃO DAS ALAGOAS;51;106;48;84;106;28719;106;79;28782;
RO;110009;ESPIGÃO D'OESTE;51;110;46;92;110;27800;131;84;33009;
BA;290560;CAMACAN;51;117;44;117;85;27409;99;138;32023;
PE;261180;RIBEIRÃO;51;119;43;119;89;32590;130;134;47813;
SC;420570;GAROPABA;51;135;38;101;135;34496;94;75;24070;
BA;291060;ESPLANADA;51;156;33;156;102;27901;138;153;37902;
RS;431800;SÃO BORJA;51;164;31;164;193;53374;216;85;59768;
MA;210960;ROSÁRIO;51;176;29;176;173;40354;185;102;43243;
MA;210910;PRESIDENTE DUTRA;51;229;22;168;229;41678;265;73;48264;
PA;150210;CAMETÁ;51;465;11;287;465;87580;748;62;140814;
RO;110150;SERINGUEIRAS;51;66;77;66;48;13115;43;138;11846;
SP;352190;ITAJOBI;51;67;76;67;57;17798;49;118;15331;
MT;510517;JURUENA;51;68;75;68;23;11204;34;296;16811;
CE;231080;PEREIRO;51;68;75;68;58;18458;51;117;16356;
SC;421120;MORRO DA FUMAÇA;51;69;74;69;67;19119;63;103;18095;
RS;430780;ESTRELA;51;69;74;69;81;22916;122;85;34669;
CE;231210;SANTANA DO CARIRI;51;71;72;71;62;17804;62;115;17726;
AL;270160;CANAPI;51;78;65;78;75;16714;80;104;17715;
SC;420670;HERVAL D'OESTE;51;79;65;79;89;24063;84;89;22820;
CE;231270;SENADOR POMPEU;51;85;60;85;75;24823;77;113;25418;
MA;210400;ESPERANTINÓPOLIS;51;85;60;85;97;18461;89;88;16971;
BA;292120;MIGUEL CALMON;52;101;51;101;116;27661;108;87;25771;
MA;210460;GOVERNADOR EUGÊNIO BARROS;52;103;50;103;63;14964;62;163;14703;
PE;261170;RIACHO DAS ALMAS;52;106;49;81;106;22991;96;76;20744;
RJ;330300;MIRACEMA;52;108;48;108;99;25864;104;109;27134;
AC;120070;XAPURI;52;109;48;109;80;17250;92;136;19866;
MG;311430;CARMO DO PARANAÍBA;52;115;45;73;115;33112;105;63;30339;
SC;421570;SANTO AMARO DA IMPERATRIZ;52;120;43;80;120;29609;97;67;23907;
PB;251290;RIO TINTO;52;125;42;125;116;28123;100;108;24258;
ES;320160;CONCEIÇÃO DA BARRA;52;127;41;127;114;31714;113;111;31479;
PR;410960;GUARATUBA;52;146;36;146;121;32837;140;121;37974;
MA;210203;BOM JESUS DAS SELVAS;52;153;34;153;124;27811;157;123;35095;
SC;421620;SÃO FRANCISCO DO SUL;52;164;32;164;191;49659;211;86;54751;
PA;150600;PRAINHA;52;168;31;168;184;24917;220;91;29827;
CE;231300;SOLONÓPOLE;52;58;90;58;60;18419;60;97;18389;
PR;412200;RIO AZUL;52;64;81;64;53;15513;53;121;15433;
PR;410680;CRUZ MACHADO;52;64;81;64;55;18193;57;116;18772;
MT;510125;ARAPUTANGA;52;69;75;69;67;16242;70;103;17078;
PI;220770;PARNAÍBA;52;696;7;467;696;145278;737;67;153863;
SP;351820;GUARARAPES;52;72;72;72;51;16346;103;141;33257;
SC;421370;POUSO REDONDO;52;74;70;74;63;19147;59;117;17965;
PE;261380;SÃO VICENTE FERRER;52;74;70;74;81;18735;78;91;18150;
MG;314510;NOVA RESENDE;52;75;69;75;65;16354;67;115;16937;
BA;293100;TANHAÇU;52;86;60;86;80;22412;73;108;20383;
BA;290530;CAFARNAUM;52;91;57;91;87;18497;87;105;18585;
PB;250150;BANANEIRAS;52;94;55;94;91;22723;85;103;21220;
SC;420420;CHAPECÓ;524;1096;48;1096;1210;251561;1095;91;227587;
RR;140010;BOA VISTA;527;2080;25;2080;1665;321792;2259;125;436591;
CE;230120;ARACOIABA;53;101;52;101;117;27901;112;86;26600;
BA;291120;GANDU;53;102;52;102;111;26592;137;92;32778;
PE;260830;JUPI;53;106;50;73;106;19411;82;69;15007;
RS;432200;TRIUNFO;53;107;50;107;100;32923;92;107;30159;
SP;352030;IGUAPE;53;111;48;111;77;28429;84;144;31117;
BA;291370;INHAMBUPE;53;121;44;121;78;28267;112;155;40720;
GO;521020;IPORÁ;53;134;40;95;134;33948;124;71;31471;
PA;150307;GARRAFÃO DO NORTE;53;135;39;135;120;27073;116;113;26155;
PA;150050;ALMEIRIM;53;175;30;175;149;22108;230;117;34044;
RN;240020;AÇU;53;196;27;154;196;51345;224;79;58743;
BA;290650;CANDEIAS;53;215;25;215;153;43254;310;141;87820;
MG;313940;MANHUAÇU;53;453;12;317;453;102632;406;70;92074;
AP;160070;TARTARUGALZINHO;53;66;80;66;65;13714;87;102;18217;
CE;230520;HIDROLÂNDIA;53;71;75;71;42;18988;45;169;20126;
BA;291075;FÁTIMA;53;79;67;79;58;19254;54;136;17801;
BA;291880;LAJE;53;85;62;85;71;20990;82;120;24214;
MG;313270;ITAMBACURI;53;93;57;93;89;23815;87;104;23207;
PE;260310;CACHOEIRINHA;53;96;55;96;74;20271;75;130;20618;
BA;292640;RIACHO DE SANTANA;53;96;55;96;81;27018;107;119;35757;
SP;353060;MOGI DAS CRUZES;531;1169;45;1169;731;176502;1886;160;455587;
SP;353870;PIRACICABA;537;1026;52;1026;1006;265222;1556;102;410275;
SP;351060;CARAPICUÍBA;538;1220;44;1220;909;187020;1971;134;405375;
SP;351380;DIADEMA;538;1455;37;1002;1455;372938;1676;69;429550;
SP;351370;DESCALVADO;54;102;53;70;102;35214;99;69;34097;
SP;354220;RANCHARIA;54;103;52;84;103;29592;104;82;29743;
PR;411350;LOANDA;54;107;50;107;71;17940;93;151;23393;
BA;290780;CÍCERO DANTAS;54;107;50;107;83;27907;97;129;32636;
MA;210070;ANAJATUBA;54;111;49;111;106;27765;104;105;27170;
GO;521570;PALMEIRAS DE GOIÁS;54;113;48;113;109;25570;128;104;29915;
MA;211040;SÃO BENEDITO DO RIO PRETO;54;120;45;120;112;18250;115;107;18769;
MG;316240;SÃO JOÃO DA PONTE;54;124;44;124;75;24984;75;165;25033;
SP;353710;PEDREIRA;54;129;42;109;129;44841;141;84;48992;
MS;500240;CAARAPÓ;54;129;42;90;129;25069;159;70;31005;
MA;211240;TURIAÇU;54;158;34;158;180;28872;223;88;35811;
MG;313620;JOÃO MONLEVADE;54;167;32;167;138;40181;277;121;80903;
RR;140047;RORAINÓPOLIS;54;170;32;170;151;27217;174;113;31387;
MS;500720;RIO BRILHANTE;54;190;28;146;190;38365;192;77;38844;
RJ;330227;JAPERI;54;215;25;215;170;50134;361;126;106296;
MA;210170;BARREIRINHAS;54;371;15;371;372;66100;360;100;63891;
MG;314290;MONTE AZUL;54;69;78;69;76;22305;70;91;20544;
SP;352460;JACUPIRANGA;54;70;77;70;59;17453;61;119;17911;
MS;500290;CASSILÂNDIA;54;75;72;75;73;24738;65;103;22063;
MG;314140;MEDINA;54;76;71;76;72;22441;66;106;20701;
PI;220820;PIO IX;54;79;68;79;62;18097;63;127;18492;
PE;260930;MIRANDIBA;54;79;68;79;77;15991;75;103;15548;
PB;250250;BOQUEIRÃO;54;83;65;83;71;18517;69;117;17934;
BA;291720;ITUAÇU;54;84;64;84;61;20200;58;138;19095;
ES;320435;RIO BANANAL;54;84;64;84;72;22797;61;117;19398;
AM;130014;APUÍ;54;91;59;91;48;16985;64;190;22739;
MG;316710;SERRO;54;91;59;91;74;20625;75;123;20915;
SP;353580;PARANAPANEMA;54;92;59;92;65;19698;68;142;20588;
RS;430820;FLORES DA CUNHA;54;96;56;70;96;27805;108;73;31352;
PR;410465;CARAMBEÍ;54;97;56;97;53;13653;94;183;24225;
BA;290475;BURITIRAMA;55;116;47;116;84;19047;94;138;21374;
RN;240100;APODI;55;117;47;117;103;34127;108;114;35904;
AL;270510;MATRIZ DE CAMARAGIBE;55;119;46;119;116;24954;114;103;24627;
PE;261460;TABIRA;55;123;45;123;132;32164;118;93;28860;
RJ;330411;PORTO REAL;55;124;44;124;81;23896;69;153;20254;
MG;315720;SANTA BÁRBARA;55;129;43;109;129;33958;121;84;31873;
RS;431890;SÃO LUIZ GONZAGA;55;137;40;98;137;34743;131;72;33124;
SE;280560;PORTO DA FOLHA;55;144;38;144;105;26513;114;137;28788;
SP;354530;SALTO DE PIRAPORA;55;162;34;162;177;53313;154;92;46285;
SP;352430;JABOTICABAL;55;173;32;173;123;44124;218;141;78029;
PR;410442;CANDÓI;55;68;81;68;75;16578;73;91;16126;
SP;351160;CESÁRIO LANGE;55;69;80;69;51;14271;66;135;18595;
SC;421700;SÃO LUDGERO;55;70;79;70;44;15440;40;159;13886;
ES;320370;MUNIZ FREIRE;55;72;76;72;83;19903;72;87;17176;
ES;320350;MONTANHA;55;76;72;76;73;20967;66;104;18954;
PE;260350;CAMOCIM DE SÃO FÉLIX;55;79;70;79;51;18471;53;155;19032;
PB;251140;PICUÍ;55;80;69;80;81;20897;73;99;18737;
CE;230380;CEDRO;55;80;69;80;83;25685;83;96;25612;
PE;260020;AFRÂNIO;55;82;67;82;63;18835;67;130;19981;
BA;292500;PLANALTO;55;84;65;84;67;21605;82;125;26581;
CE;230750;LAVRAS DA MANGABEIRA;55;92;60;92;81;28237;90;114;31476;
AL;270030;ARAPIRACA;550;1061;52;1061;714;209677;798;149;234309;
BA;291220;IBICOARA;56;100;56;100;92;23203;79;109;19990;
ES;320410;PINHEIROS;56;102;55;102;82;22843;99;124;27601;
RS;431880;SÃO LOURENÇO DO SUL;56;102;55;81;102;39569;112;79;43501;
BA;291980;MACAÚBAS;56;103;54;103;115;35939;162;90;50481;
PE;260850;LAGOA DE ITAENGA;56;105;53;105;95;21577;95;111;21490;
PB;250130;AROEIRAS;56;109;51;109;78;20091;74;140;19081;
MA;210640;MATA ROMA;56;113;50;113;86;18986;78;131;17122;
BA;291270;IBIRAPITANGA;56;114;49;114;87;22141;92;131;23433;
MG;315960;SANTA RITA DO SAPUCAÍ;56;119;47;96;119;40418;130;81;44226;
PB;250110;AREIA;56;121;46;87;121;26854;101;72;22493;
PR;411150;IVAIPORÃ;56;121;46;88;121;32417;119;73;31886;
MA;210632;MARACAÇUMÉ;56;122;46;122;90;19606;100;136;21773;
ES;320501;SOORETAMA;56;129;43;129;118;27046;136;109;31278;
BA;293020;SENTO SÉ;56;140;40;140;112;29903;155;125;41279;
PA;150380;JACUNDÁ;56;163;34;163;122;33075;224;134;60517;
MG;315120;PIRAPORA;56;169;33;169;183;49425;211;92;56845;
AL;270450;MARAGOGI;56;190;29;190;189;35422;178;101;33351;
AC;120060;TARAUACÁ;56;321;17;321;312;37233;367;103;43730;
PR;412140;REALEZA;56;69;81;69;63;17239;62;110;16976;
PE;260515;DORMENTES;56;70;80;70;73;18870;74;96;19246;
PR;412680;TAPEJARA;56;71;79;71;56;17177;54;127;16480;
PB;250510;CUITÉ;56;75;75;75;74;21657;69;101;20331;
BA;290790;CIPÓ;56;87;64;87;87;17655;86;100;17402;
BA;292430;PIATÃ;56;89;63;89;70;19426;61;127;16854;
CE;231380;URUBURETAMA;57;100;57;100;106;22645;104;94;22223;
SP;350030;AGUAÍ;57;100;57;100;83;27063;114;120;36981;
CE;230495;GUAIÚBA;57;101;56;101;78;21035;98;129;26508;
RN;240940;PAU DOS FERROS;57;106;54;106;106;28573;114;100;30802;
PR;410160;ARAPOTI;57;106;54;106;93;24996;106;114;28480;
AL;270640;PÃO DE AÇÚCAR;57;107;53;107;110;24596;109;97;24307;
BA;290730;CASTRO ALVES;57;107;53;107;88;27420;85;122;26369;
GO;521120;ITAPURANGA;57;107;53;107;96;27209;90;111;25597;
MS;500315;CORONEL SAPUCAIA;57;109;52;109;84;13039;99;130;15449;
SP;350460;BADY BASSITT;57;111;51;88;111;27079;74;79;18013;
PR;411420;MANDAGUARI;57;114;50;114;123;33922;126;93;34628;
SP;355170;SERTÃOZINHO;57;119;48;119;105;28003;481;113;128432;
BA;292050;MARACÁS;57;129;44;97;129;28724;90;75;19973;
PE;260875;LAGOA GRANDE;57;134;43;134;107;25638;109;125;26090;
BA;290540;CAIRU;57;137;42;137;110;22224;92;125;18666;
PA;150618;RONDON DO PARÁ;57;165;35;165;101;34577;155;163;53242;
MS;500325;COSTA RICA;57;193;30;134;193;29820;139;69;21456;
RS;431750;SANTO ÂNGELO;57;310;18;187;310;82147;293;60;77544;
SC;420880;JAGUARUNA;57;81;70;81;90;24995;74;90;20547;
SP;350130;ÁLVARES MACHADO;57;81;70;81;92;26639;87;88;25078;
PE;261130;POMBOS;57;86;66;86;87;22030;107;99;27204;
PE;261480;TACARATU;57;87;66;87;65;19246;89;134;26439;
MT;510558;MARCELÂNDIA;57;90;63;90;71;13226;54;127;10107;
PE;261150;QUIPAPÁ;57;91;63;91;56;18460;80;163;26309;
PE;260915;MANARI;57;95;60;95;56;16600;75;170;22110;
BA;290020;ABARÉ;57;98;58;98;72;17875;83;136;20594;
PI;220115;BAIXA GRANDE DO RIBEIRO;57;99;58;99;97;15539;73;102;11751;
PR;410830;FOZ DO IGUAÇU;570;1161;49;971;1161;224879;1332;84;257971;
PE;261240;SANHARÓ;58;103;56;103;54;21246;70;191;27308;
BA;291835;JOÃO DOURADO;58;120;48;120;113;23557;123;106;25606;
BA;291320;IBOTIRAMA;58;128;45;128;117;27695;114;109;27076;
MS;500070;ANASTÁCIO;58;136;43;136;105;23855;111;130;25336;
PE;260420;CATENDE;58;146;40;146;94;30145;137;155;43778;
BA;291050;ENTRE RIOS;58;173;34;173;116;31333;156;149;42014;
PB;251250;QUEIMADAS;58;195;30;195;226;48886;205;86;44388;
SP;352930;MATÃO;58;233;25;146;233;70273;279;63;84069;
SE;280210;ESTÂNCIA;58;285;20;285;237;53500;310;120;69919;
AM;130230;JUTAÍ;58;304;19;181;304;20477;200;60;13462;
PR;410460;CAPITÃO LEÔNIDAS MARQUES;58;75;77;75;55;17584;50;136;15887;
ES;320400;PANCAS;58;79;73;79;60;22665;62;132;23426;
PE;260970;OROBÓ;58;79;73;79;66;22106;72;120;23985;
SP;354630;SANTA CRUZ DAS PALMEIRAS;58;81;72;81;42;15453;95;193;35102;
SP;351750;GUAPIAÇU;58;83;70;62;83;25222;73;75;22087;
CE;230920;NOVA OLINDA;58;83;70;83;90;16780;85;92;15798;
RO;110005;CEREJEIRAS;58;85;68;85;90;18802;77;94;16088;
RN;240780;MONTE ALEGRE;58;89;65;89;76;23024;75;117;22698;
SC;421660;SÃO JOSÉ;581;1003;58;838;1003;250732;1015;84;253705;
CE;230370;CAUCAIA;584;1256;46;1256;1221;260712;1728;103;368918;
SC;420240;BLUMENAU;586;1434;41;940;1434;387992;1354;66;366418;
RS;430510;CAXIAS DO SUL;587;904;65;904;898;261496;1799;101;523716;
MG;310940;BURITIZEIRO;59;113;52;113;99;27644;101;114;28184;
PE;260500;CUPIRA;59;119;50;119;106;27692;93;112;24237;
BA;292700;RIO REAL;59;129;46;129;118;34873;140;109;41209;
SC;421050;MARAVILHA;59;132;45;101;132;31513;111;77;26463;
SP;355480;TREMEMBÉ;59;135;44;135;111;34027;157;122;48228;
MA;211050;SÃO BENTO;59;147;40;147;91;28920;144;162;45989;
MG;310420;ARCOS;59;158;37;105;158;43730;147;66;40658;
BA;292920;SÃO FRANCISCO DO CONDE;59;169;35;169;154;39042;160;110;40664;
MS;500769;SÃO GABRIEL DO OESTE;59;215;27;161;215;36227;164;75;27660;
MG;314500;NOVA PONTE;59;76;78;76;63;18120;56;121;16046;
SC;422000;BALNEÁRIO RINCÃO;59;77;77;77;73;17307;55;105;13129;
CE;230950;ORÓS;59;84;70;84;67;22759;63;125;21342;
AL;270500;MATA GRANDE;59;87;68;87;71;18927;95;123;25200;
PB;251270;REMÍGIO;59;90;66;90;77;19805;78;117;19973;
PE;261580;TUPANATINGA;59;98;60;98;70;19032;102;140;27793;
TO;171515;NOVO ALEGRE;6;10;60;10;1;2636;1;1000;2332;
SP;354610;SANTA CLARA D'OESTE;6;10;60;10;10;3024;7;100;2111;
MG;312000;CÓRREGO NOVO;6;10;60;10;10;3121;9;100;2688;
SP;354450;RUBINÉIA;6;10;60;10;10;4435;7;100;3191;
RS;431936;SÃO PEDRO DAS MISSÕES;6;10;60;10;2;2256;2;500;2025;
PB;251365;JOCA CLAUDINO;6;10;60;10;3;2858;3;333;2640;
RS;432149;TOROPI;6;10;60;10;4;3251;3;250;2753;
RS;431085;JABOTICABA;6;10;60;10;4;4575;3;250;3738;
RS;430995;IBIRAPUITÃ;6;10;60;10;6;2527;9;167;3988;
SP;352870;MARABÁ PAULISTA;6;10;60;10;6;3735;9;167;6039;
SP;353210;MURUTINGA DO SUL;6;10;60;10;6;4776;6;167;4525;
MG;312150;DESTERRO DO MELO;6;10;60;10;7;3744;5;143;2867;
SC;421590;SÃO BONIFÁCIO;6;10;60;10;7;3882;5;143;2791;
PB;251385;SANTO ANDRÉ;6;10;60;10;8;3228;6;125;2496;
SP;350910;CAIUÁ;6;10;60;10;8;5484;9;125;6017;
SP;352780;LUPÉRCIO;6;10;60;10;9;5048;8;111;4608;
MG;317030;UMBURATIBA;6;10;60;8;10;2972;9;80;2582;
MG;315760;SANTA FÉ DE MINAS;6;11;55;11;11;3360;12;100;3806;
PI;220225;CANAVIEIRA;6;11;55;11;12;3777;12;92;3938;
RS;432210;TUCUNDUVA;6;11;55;11;12;5903;11;92;5612;
PB;251455;SÃO JOSÉ DE PRINCESA;6;11;55;11;5;3447;6;220;3898;
MT;510530;LUCIARA;6;11;55;11;6;2473;5;183;2036;
SP;352200;ITAJU;6;11;55;11;6;4209;6;183;3937;
GO;522190;VARJÃO;6;11;55;11;6;4372;5;183;3848;
MG;314120;MATUTINA;6;11;55;11;6;4383;5;183;3733;
MG;314130;MEDEIROS;6;11;55;11;8;4212;7;138;3861;
MG;314440;NATÉRCIA;6;11;55;11;8;4830;8;138;4727;
MG;315910;SANTANA DOS MONTES;6;11;55;11;9;4217;8;122;3753;
SP;350890;CAIABU;6;11;55;11;9;4583;8;122;4195;
PI;220180;BOCAINA;6;11;55;6;11;4850;10;55;4509;
RS;430195;BARRA FUNDA;6;11;55;7;11;3042;9;64;2563;
SC;421145;NOVA ITABERABA;6;12;50;10;12;4851;11;83;4327;
TO;171840;PRESIDENTE KENNEDY;6;12;50;12;11;3513;11;109;3668;
GO;521390;MOSSÂMEDES;6;12;50;12;11;5019;9;109;4120;
SP;353960;PLANALTO;6;12;50;12;13;5300;13;92;5370;
GO;520160;ARAÇU;6;12;50;12;14;5234;9;86;3450;
PI;220525;JARDIM DO MULATO;6;12;50;12;5;4610;5;240;4522;
SP;351890;GUZOLÂNDIA;6;12;50;12;6;2451;12;200;5346;
PB;250410;CARRAPATEIRA;6;12;50;12;7;2660;7;171;2714;
SP;354550;SANDOVALINA;6;12;50;12;8;4219;8;150;4405;
SC;421725;SÃO PEDRO DE ALCÂNTARA;6;12;50;12;9;5414;10;133;6046;
PB;250220;BOM JESUS;6;12;50;6;12;3345;9;50;2588;
PR;412010;PORTO AMAZONAS;6;12;50;6;12;5354;11;50;4899;
SP;354360;RIFAINA;6;12;50;8;12;4436;10;67;3651;
RS;431620;RONDINHA;6;13;46;10;13;5921;11;77;5033;
MT;510160;BARÃO DE MELGAÇO;6;13;46;13;10;6532;13;130;8165;
PI;220360;ELISEU MARTINS;6;13;46;13;11;5056;11;118;4943;
PR;411729;NOVO ITACOLOMI;6;13;46;13;5;3524;4;260;2836;
GO;521487;NOVA IGUAÇU DE GOIÁS;6;13;46;13;5;3607;4;260;2939;
MG;313830;LEANDRO FERREIRA;6;13;46;13;6;3742;5;217;3222;
PR;410755;FAROL;6;13;46;13;6;3758;5;217;2995;
SC;420917;JUPIÁ;6;13;46;13;7;2739;5;186;2083;
MG;314890;PEDRA DO INDAIÁ;6;13;46;13;8;4511;7;163;3977;
TO;171800;PORTO ALEGRE DO TOCANTINS;6;13;46;13;9;3245;9;144;3200;
MG;313500;JAGUARAÇU;6;13;46;13;9;3913;7;144;3151;
MG;312170;DIOGO DE VASCONCELOS;6;13;46;7;13;4365;11;54;3779;
PR;411570;MATINHOS;6;134;4;134;146;38317;136;92;35705;
RR;140070;UIRAMUTÃ;6;135;4;68;135;10582;140;50;11014;
GO;521540;OURO VERDE DE GOIÁS;6;14;43;11;14;4812;11;79;3679;
MG;314060;MATERLÂNDIA;6;14;43;14;10;5277;8;140;4415;
GO;521935;SANTA ISABEL;6;14;43;14;11;4661;9;127;3821;
MG;316790;TABULEIRO;6;14;43;14;12;4797;9;117;3669;
PR;410710;DIAMANTE DO NORTE;6;14;43;14;13;5073;13;108;4975;
GO;521878;RIO QUENTE;6;14;43;14;15;5005;14;93;4728;
MT;510810;TESOURO;6;14;43;14;4;2985;5;350;3761;
RS;432060;SEVERIANO DE ALMEIDA;6;14;43;14;6;4173;5;233;3607;
MG;317150;MATHIAS LOBATO;6;14;43;14;9;3652;8;156;3157;
MG;315070;PIRAJUBA;6;14;43;9;14;5152;18;64;6491;
PI;221140;VÁRZEA GRANDE;6;15;40;10;15;4442;15;67;4382;
PI;220955;SÃO BRAZ DO PIAUÍ;6;15;40;10;15;4874;14;67;4454;
RN;241240;SÃO JOSÉ DO SERIDÓ;6;15;40;11;15;5246;13;73;4696;
RS;431515;PROGRESSO;6;15;40;11;15;6260;15;73;6235;
MG;312180;DIONÍSIO;6;15;40;12;15;6919;16;80;7493;
MA;211080;SÃO FÉLIX DE BALSAS;6;15;40;15;13;4397;13;115;4540;
GO;520735;EDEALINA;6;15;40;15;14;4663;11;107;3678;
RS;431920;SÃO NICOLAU;6;15;40;15;14;5268;14;107;5153;
SC;420517;ENTRE RIOS;6;15;40;15;15;3606;13;100;3232;
SP;354180;QUEIROZ;6;15;40;15;15;4401;12;100;3513;
SP;351120;CATIGUÁ;6;15;40;15;16;7699;16;94;7905;
MG;310880;BRAÚNAS;6;15;40;15;7;4738;7;214;4737;
TO;171888;SANTA MARIA DO TOCANTINS;6;15;40;15;8;3006;9;188;3537;
PB;250810;LAGOA;6;15;40;6;15;4874;14;40;4640;
GO;520750;ESTRELA DO NORTE;6;16;38;16;10;4235;8;160;3253;
SP;355310;TAIAÇU;6;16;38;16;15;6768;14;107;6346;
RO;110145;PARECIS;6;16;38;16;8;3993;13;200;6319;
GO;521410;MUTUNÓPOLIS;6;16;38;16;9;4246;8;178;3749;
MG;316980;TURVOLÂNDIA;6;16;38;16;9;5990;8;178;5099;
RS;430070;ANTA GORDA;6;16;38;9;16;6583;14;56;5941;
GO;521925;SANTA FÉ DE GOIÁS;6;17;35;10;17;4339;22;59;5585;
PR;410785;FLOR DA SERRA DO SUL;6;17;35;12;17;5709;14;71;4583;
RS;430800;FAXINAL DO SOTURNO;6;17;35;17;13;8431;10;131;6651;
MG;316010;SANTO ANTÔNIO DO GRAMA;6;17;35;17;17;5052;13;100;3861;
MG;313030;IGUATAMA;6;17;35;17;18;7675;19;94;7901;
PB;250407;CARAÚBAS;6;17;35;9;17;4654;15;53;4206;
TO;172049;SÃO VALÉRIO;6;18;33;11;18;4728;15;61;3848;
RS;432254;VALE REAL;6;18;33;11;18;7165;15;61;6046;
SP;352120;IPORANGA;6;18;33;18;11;4338;11;164;4180;
MT;510774;SANTA CRUZ DO XINGU;6;18;33;18;6;2903;6;300;2700;
MG;315060;PIRACEMA;6;19;32;10;19;7318;17;53;6386;
SC;421330;PONTE ALTA;6;19;32;16;19;5564;16;84;4619;
RS;430950;GUARANI DAS MISSÕES;6;19;32;16;19;8078;17;84;7393;
MG;316140;SÃO FRANCISCO DO GLÓRIA;6;19;32;19;12;5682;10;158;4758;
MG;312900;GUIRICEMA;6;19;32;19;14;9137;13;136;8296;
SE;280650;SANTA ROSA DE LIMA;6;19;32;19;16;4290;15;119;3933;
RN;240970;PEDRO AVELINO;6;19;32;19;18;6677;18;106;6591;
SP;355490;TRÊS FRONTEIRAS;6;20;30;15;20;7181;16;75;5856;
PR;411860;PAULA FREITAS;6;20;30;16;20;6614;18;80;5942;
PR;411700;NOVA FÁTIMA;6;20;30;20;14;5786;20;143;8120;
PI;220558;LAGOA DO PIAUÍ;6;21;29;14;21;5133;17;67;4086;
MG;311890;CORDISBURGO;6;21;29;21;12;7179;15;175;8903;
MG;311010;CAIANA;6;21;29;21;17;5669;17;124;5584;
PR;410337;BRASILÂNDIA DO SUL;6;22;27;12;22;4531;12;55;2521;
RN;240680;LAJES PINTADAS;6;22;27;16;22;5188;20;73;4768;
MG;310665;BERIZAL;6;22;27;22;13;4680;13;169;4792;
RS;430965;HULHA NEGRA;6;22;27;22;9;5490;11;244;6894;
GO;521440;NAZÁRIO;6;23;26;19;23;9326;23;83;9375;
BA;292490;PLANALTINO;6;23;26;23;15;7346;19;153;9415;
MG;314675;PALMÓPOLIS;6;24;25;24;25;7096;18;96;5196;
MA;210905;PORTO RICO DO MARANHÃO;6;25;24;25;19;6672;17;132;5936;
MG;313507;JAMPRUCA;6;26;23;26;13;4469;16;200;5453;
MG;313650;JORDÂNIA;6;26;23;26;22;8609;28;118;10872;
CE;230427;ERERÊ;6;26;23;26;3;6093;4;867;7254;
SP;354190;QUELUZ;6;27;22;27;17;8738;27;159;13788;
RS;430105;ARROIO DO SAL;6;29;21;29;24;12719;20;121;10483;
RS;430500;CATUÍPE;6;30;20;18;30;9820;26;60;8631;
RN;240250;CARNAUBAIS;6;30;20;30;18;7595;26;167;10972;
MG;310230;ALVINÓPOLIS;6;33;18;27;33;13388;37;82;15135;
MS;500640;PEDRO GOMES;6;33;18;33;17;5950;21;194;7568;
RR;140028;IRACEMA;6;35;17;35;26;8096;40;135;12637;
RO;110110;ITAPUÃ DO OESTE;6;38;16;38;18;10086;19;211;10819;
SP;352090;IPAUSSU;6;38;16;38;28;9161;46;136;15165;
MA;210450;GOVERNADOR ARCHER;6;38;16;38;37;9643;42;103;10931;
AC;120039;PORTO WALTER;6;45;13;45;48;7796;77;94;12497;
RS;431840;SÃO JERÔNIMO;6;46;13;30;46;13874;82;65;24569;
MG;313350;ITAPECERICA;6;47;13;37;47;19466;52;79;21760;
PR;410060;ALTO PARANÁ;6;48;13;48;39;14168;41;123;14945;
PB;250905;MARCAÇÃO;6;49;12;49;54;9530;50;91;8746;
MS;500460;ITAQUIRAÍ;6;55;11;19;55;16190;73;35;21604;
ES;320313;JOÃO NEIVA;6;55;11;40;55;17864;52;73;16774;
RN;241335;SERRA DO MEL;6;57;11;57;43;10672;49;133;12225;
MG;312790;GRUPIARA;6;6;100;6;1;1744;1;600;1386;
RS;430645;DOIS LAJEADOS;6;6;100;6;4;3758;4;150;3410;
SP;352830;MAGDA;6;6;100;6;5;3392;5;120;3086;
SC;421055;MAREMA;6;6;100;6;6;2405;4;100;1703;
MG;312360;ELÓI MENDES;6;65;9;50;65;21745;86;77;28556;
MG;313750;LAGOA FORMOSA;6;66;9;45;66;20239;59;68;18168;
PR;410520;CERRO AZUL;6;67;9;67;58;15695;66;116;17884;
PB;250485;COXIXOLA;6;7;86;7;3;2178;3;233;1948;
SP;353100;MONÇÕES;6;7;86;7;3;2555;3;233;2274;
RS;431413;PAULO BENTO;6;7;86;7;4;2717;3;175;2303;
MG;312340;DORESÓPOLIS;6;7;86;7;5;1968;4;140;1539;
SP;354920;SÃO JOÃO DAS DUAS PONTES;6;7;86;7;5;2571;5;140;2555;
MT;510726;SANTO AFONSO;6;7;86;7;5;2860;5;140;3164;
SP;353310;NOVA GUATAPORANGA;6;7;86;7;5;3030;4;140;2333;
SP;350620;BENTO DE ABREU;6;7;86;7;5;3054;5;140;3028;
SC;421555;SANTA HELENA;6;7;86;7;6;2728;5;117;2178;
RS;432377;WESTFALIA;6;7;86;7;6;3427;5;117;3046;
MG;315840;SANTANA DE CATAGUASES;6;7;86;7;6;3959;6;117;3909;
RN;240375;FERNANDO PEDROZA;6;7;86;7;7;3485;6;100;3081;
RS;430630;DAVID CANABARRO;6;7;86;7;7;4611;7;100;4732;
SP;354030;PONTES GESTAL;6;7;86;7;8;2964;7;88;2576;
PB;251396;SÃO DOMINGOS;6;7;86;7;8;3357;7;88;3119;
SC;420543;FORMOSA DO SUL;6;8;75;8;1;3071;1;800;2481;
MT;510715;RESERVA DO CABAÇAL;6;8;75;8;3;2474;3;267;2754;
PR;412830;UNIFLOR;6;8;75;8;4;2413;4;200;2623;
SC;421560;SANTA ROSA DE LIMA;6;8;75;8;5;2442;4;160;2151;
RS;431647;SALVADOR DAS MISSÕES;6;8;75;8;5;3272;4;160;2734;
RS;431446;PINHAL DA SERRA;6;8;75;8;6;2942;4;133;1896;
PI;221160;VILA NOVA DO PIAUÍ;6;8;75;8;7;3284;6;114;2935;
RS;432340;VILA MARIA;6;8;75;8;7;4202;7;114;4368;
PB;250073;AMPARO;6;8;75;8;9;2915;7;89;2264;
PA;150520;OEIRAS DO PARÁ;6;82;7;64;82;14168;193;78;33182;
SP;351150;CERQUILHO;6;85;7;43;85;28603;150;51;50631;
RS;431301;NOVA CANDELÁRIA;6;9;67;7;9;3391;7;78;2677;
SC;420180;ATALANTA;6;9;67;9;10;3785;8;90;3179;
SP;352885;MARAPOAMA;6;9;67;9;10;4300;7;90;3097;
RS;431346;NOVO XINGU;6;9;67;9;2;1930;2;450;1705;
RS;431057;ITAPUCA;6;9;67;9;3;2018;3;300;2037;
SP;355465;TORRE DE PEDRA;6;9;67;9;3;2445;3;300;2432;
SP;352725;LOURDES;6;9;67;9;3;2891;2;300;2311;
PR;411965;PITANGUEIRAS;6;9;67;9;3;3553;3;300;3298;
RS;430465;CAPÃO DO CIPÓ;6;9;67;9;4;3737;4;225;3745;
MG;311720;CONCEIÇÃO DAS PEDRAS;6;9;67;9;5;2956;5;180;2814;
RS;432375;VITÓRIA DAS MISSÕES;6;9;67;9;6;3754;5;150;3052;
MG;312990;IBITIÚRA DE MINAS;6;9;67;9;7;3849;6;129;3497;
TO;171370;MONTE SANTO DO TOCANTINS;6;9;67;9;8;2642;7;113;2311;
GO;520505;CASTELÂNDIA;6;9;67;9;8;3672;7;113;3380;
GO;521490;NOVA ROMA;6;9;67;9;8;3683;7;113;3208;
MG;313770;LAJINHA;6;90;7;67;90;20845;86;74;19914;
MS;500220;BONITO;60;104;58;104;102;21357;107;102;22401;
PB;250030;ALAGOA GRANDE;60;125;48;125;115;30183;108;109;28384;
MA;210900;PORTO FRANCO;60;130;46;130;100;23602;103;130;24294;
BA;292070;MARAÚ;60;135;44;135;88;24626;74;153;20664;
MG;316370;SÃO LOURENÇO;60;149;40;94;149;44401;156;63;46539;
SE;280320;ITAPORANGA D'AJUDA;60;157;38;157;130;33525;136;121;35054;
MG;314000;MARIANA;60;158;38;158;135;36512;229;117;61830;
BA;290580;CAMAMU;60;158;38;158;146;31649;164;108;35444;
RS;430310;CACHOEIRINHA;60;180;33;139;180;48022;496;77;132144;
PE;260940;MORENO;60;187;32;187;180;49257;233;104;63792;
PA;150178;BREU BRANCO;60;189;32;189;96;29366;225;197;68597;
MG;315895;SANTANA DO PARAÍSO;60;213;28;157;213;39800;193;74;36048;
SP;351200;COLINA;60;70;86;70;59;17914;61;119;18601;
CE;231170;RERIUTABA;60;70;86;70;76;20300;68;92;18279;
PB;251200;POCINHOS;60;71;85;71;75;19613;72;95;18848;
BA;293105;TANQUE NOVO;60;73;82;73;59;16134;64;124;17518;
CE;230430;FARIAS BRITO;60;86;70;86;85;21583;76;101;19330;
SP;353790;PILAR DO SUL;60;88;68;88;57;15238;111;154;29612;
BA;292840;SANTA RITA DE CÁSSIA;60;93;65;93;100;25415;113;93;28613;
SC;421400;PRESIDENTE GETÚLIO;60;94;64;94;78;21213;66;121;17973;
PR;410640;CORNÉLIO PROCÓPIO;60;95;63;95;74;24950;142;128;47840;
AL;270730;PORTO CALVO;60;98;61;98;115;26719;118;85;27331;
PA;150553;PARAUAPEBAS;601;1367;44;1367;1440;215855;1460;95;218787;
PR;412230;RIO NEGRO;61;100;61;100;102;29232;121;98;34645;
CE;230610;IRAUÇUBA;61;101;60;101;92;26016;86;110;24450;
BA;291450;IRARÁ;61;106;58;106;67;29082;68;158;29305;
PE;261080;PEDRA;61;110;55;110;82;22348;83;134;22716;
PA;150720;SÃO DOMINGOS DO CAPIM;61;114;54;114;106;23105;148;108;32285;
AM;130130;CODAJÁS;61;114;54;114;83;18186;135;137;29691;
BA;292290;NOVA SOURE;61;122;50;122;93;26570;95;131;27047;
MA;211060;SÃO BERNARDO;61;128;48;128;121;28336;123;106;28825;
ES;320040;ANCHIETA;61;129;47;103;129;35293;111;80;30285;
RS;432120;TAQUARA;61;136;45;136;121;38418;182;112;57740;
MA;210467;GOVERNADOR NUNES FREIRE;61;143;43;143;127;23565;137;113;25502;
MG;312800;GUANHÃES;61;144;42;144;150;37588;139;96;34818;
BA;291390;IPIAÚ;61;153;40;153;139;33226;192;110;45969;
RJ;330130;CASIMIRO DE ABREU;61;203;30;146;203;53829;173;72;45864;
SC;420130;ARAQUARI;61;210;29;210;169;45158;153;124;40890;
RJ;330023;ARMAÇÃO DOS BÚZIOS;61;217;28;154;217;40825;186;71;35060;
PA;150815;URUARÁ;61;234;26;234;163;31265;236;144;45395;
SP;353760;PERUÍBE;61;302;20;302;248;67063;258;122;69697;
MT;510800;TAPURAH;61;82;74;82;69;15823;63;119;14380;
BA;292460;PINDOBAÇU;61;83;73;83;78;19849;79;106;20048;
CE;230400;COREAÚ;61;84;73;84;67;23140;68;125;23340;
RN;240450;GUAMARÉ;61;96;64;96;103;20035;84;93;16261;
BA;290500;CACULÉ;61;99;62;99;79;24327;76;125;23407;
CE;231290;SOBRAL;613;1124;55;833;1124;234623;1018;74;212437;
AL;270430;MACEIÓ;619;1768;35;1768;1406;318319;4557;126;1031597;
MA;210927;PRESIDENTE SARNEY;62;103;60;103;117;19628;115;88;19217;
MA;211160;SÃO RAIMUNDO DAS MANGABEIRAS;62;114;54;114;101;20172;96;113;19090;
SP;353950;PITANGUEIRAS;62;116;53;116;102;31312;132;114;40430;
GO;522010;SÃO LUÍS DE MONTES BELOS;62;118;53;118;129;35346;126;91;34488;
ES;320140;CASTELO;62;121;51;121;123;37414;125;98;37956;
PE;260700;INAJÁ;62;122;51;122;73;17290;101;167;24034;
PE;260460;CONDADO;62;122;51;122;98;25764;102;124;26755;
SC;420650;GUARAMIRIM;62;128;48;128;96;25848;173;133;46757;
MA;211300;VITORINO FREIRE;62;130;48;130;142;29025;154;92;31520;
SP;354130;PRESIDENTE EPITÁCIO;62;130;48;94;130;42269;137;72;44572;
RS;430300;CACHOEIRA DO SUL;62;135;46;135;100;27043;301;135;81552;
SP;352480;JALES;62;141;44;112;141;49890;139;79;49291;
PB;250060;ALHANDRA;62;151;41;119;151;26480;113;79;19865;
RS;431710;SANT'ANA DO LIVRAMENTO;62;161;39;122;161;38286;318;76;75647;
BA;291465;ITABELA;62;163;38;163;130;30000;134;125;30901;
MS;500570;NAVIRAÍ;62;205;30;165;205;43297;267;80;56484;
MG;312610;FORMIGA;62;212;29;126;212;69321;208;59;67956;
SC;421480;RIO DO SUL;62;234;26;99;234;59157;289;42;72931;
MT;510730;SÃO JOSÉ DO RIO CLARO;62;88;70;88;66;17759;79;133;21351;
GO;521400;MOZARLÂNDIA;62;90;69;90;64;16439;63;141;16077;
CE;230340;CARNAUBAL;62;92;67;92;62;18850;58;148;17763;
SP;354100;PRAIA GRANDE;627;1338;47;1338;1238;335354;1242;108;336454;
AL;270320;IGREJA NOVA;63;102;62;102;90;24567;90;113;24670;
RS;431760;SANTO ANTÔNIO DA PATRULHA;63;104;61;104;107;38013;122;97;43397;
CE;230560;INDEPENDÊNCIA;63;109;58;109;67;24898;71;163;26196;
AL;270310;IGACI;63;111;57;111;119;29406;104;93;25596;
PE;261410;SERTÂNIA;63;115;55;115;91;31111;106;126;36189;
BA;292630;RIACHÃO DO JACUÍPE;63;118;53;118;91;30295;101;130;33498;
MG;314530;NOVO CRUZEIRO;63;123;51;123;111;28436;122;111;31339;
MS;500060;AMAMBAI;63;130;48;130;148;31633;188;88;40247;
RS;431350;OSÓRIO;63;131;48;99;131;35566;173;76;46815;
MT;510270;CANARANA;63;136;46;136;147;23399;139;93;22101;
PA;150745;SÃO GERALDO DO ARAGUAIA;63;142;44;142;129;25077;126;110;24566;
AL;270550;MURICI;63;146;43;146;130;27529;134;112;28428;
MA;210100;ARARI;63;152;41;121;152;32919;139;80;30014;
AL;270850;SÃO LUÍS DO QUITUNDE;63;159;40;159;149;31122;167;107;34825;
RN;240580;JOÃO CÂMARA;63;160;39;160;144;35150;145;111;35360;
SP;353930;PIRASSUNUNGA;63;184;34;184;203;63122;249;91;77330;
PA;150330;IGARAPÉ-MIRI;63;209;30;209;213;43541;310;98;63367;
SP;353730;PENÁPOLIS;63;219;29;173;219;63925;220;79;64098;
PA;150370;ITUPIRANGA;63;303;21;303;187;41733;240;162;53439;
MG;310350;ARAGUARI;63;331;19;202;331;96835;405;61;118361;
SC;421220;PAPANDUVA;63;76;83;76;77;19303;78;99;19521;
MG;314320;MONTE SANTO DE MINAS;63;83;76;83;69;23185;64;120;21504;
MG;317090;VARZELÂNDIA;63;88;72;88;71;21040;65;124;19290;
RO;110149;SÃO FRANCISCO DO GUAPORÉ;63;97;65;97;89;19571;96;109;21088;
SP;351930;IBATÉ;63;98;64;98;88;23810;132;111;35830;
SP;350570;BARUERI;636;1683;38;980;1683;261547;1800;58;279704;
PE;260610;GLÓRIA DO GOITÁ;64;102;63;102;94;24675;117;109;30847;
MG;316040;SANTO ANTÔNIO DO MONTE;64;106;60;106;99;29848;95;107;28603;
MT;510170;BARRA DO BUGRES;64;110;58;110;116;26396;156;95;35642;
BA;292990;SEABRA;64;114;56;114;74;22191;147;154;44370;
SE;280460;NOSSA SENHORA DAS DORES;64;118;54;118;106;26530;108;111;26957;
MT;510630;PARANATINGA;64;118;54;118;112;22664;115;105;23250;
SC;420245;BOMBINHAS;64;129;50;109;129;31680;85;84;20889;
BA;290520;CAETITÉ;64;129;50;129;101;24164;213;128;51184;
MG;314430;NANUQUE;64;134;48;134;138;38449;146;97;40583;
SP;353180;MONTE MOR;64;179;36;150;179;41665;265;84;61707;
SP;351970;IBIÚNA;64;200;32;200;93;24659;302;215;80062;
AM;130380;SÃO GABRIEL DA CACHOEIRA;64;213;30;213;211;25310;392;101;47031;
MG;316860;TEÓFILO OTONI;64;550;12;279;550;131044;593;51;141269;
CE;231395;VARJOTA;64;75;85;75;86;20566;77;87;18520;
PR;412630;SENGÉS;64;89;72;89;58;17420;65;153;19441;
ES;320506;VENDA NOVA DO IMIGRANTE;64;96;67;96;90;26141;90;107;26204;
PR;411370;LONDRINA;647;1298;50;1074;1298;356715;2114;83;580870;
PE;261020;PANELAS;65;104;63;104;92;23878;102;113;26438;
CE;231320;TAMBORIL;65;105;62;105;81;25326;84;130;26199;
PR;410425;CAMPO MAGRO;65;120;54;100;120;29482;123;83;30151;
MS;500600;NOVA ALVORADA DO SUL;65;122;53;122;71;18352;89;172;22967;
MA;210317;CENTRO NOVO DO MARANHÃO;65;126;52;126;64;17989;79;197;22056;
RN;241440;TOUROS;65;129;50;129;139;34582;136;93;33716;
BA;291490;ITACARÉ;65;141;46;141;78;21871;103;181;29051;
MA;211020;SANTA RITA;65;183;36;183;135;31998;164;136;38732;
PE;260140;BARREIROS;65;198;33;198;206;43157;205;96;42866;
PI;220040;ALTOS;65;251;26;201;251;49761;205;80;40681;
PA;150506;NOVO REPARTIMENTO;65;252;26;252;214;44099;381;118;78488;
BA;291685;ITATIM;65;79;82;79;46;18461;36;172;14588;
PR;412570;SÃO MIGUEL DO IGUAÇU;66;106;62;106;113;31107;101;94;27696;
SP;350250;APARECIDA;66;108;61;108;112;33153;122;96;36211;
MS;500020;ÁGUA CLARA;66;111;59;111;85;16830;81;131;16025;
PB;250910;MARI;66;114;58;114;86;24543;77;133;21895;
AL;270400;JUNQUEIRO;66;123;54;123;100;25986;95;123;24716;
PI;221120;URUÇUÍ;66;131;50;131;154;26922;124;85;21746;
BA;291110;FORMOSA DO RIO PRETO;66;132;50;132;106;22038;126;125;26111;
GO;521450;NERÓPOLIS;66;132;50;132;148;31166;147;89;30931;
MT;510325;COLNIZA;66;136;49;136;65;22904;116;209;41117;
RN;240830;NOVA CRUZ;66;138;48;138;142;37905;141;97;37554;
MA;210047;ALTO ALEGRE DO PINDARÉ;66;139;47;139;118;28036;134;118;31967;
BA;292520;POJUCA;66;139;47;139;130;36913;142;107;40401;
RS;431405;PAROBÉ;66;160;41;111;160;40523;235;69;59419;
AM;130356;RIO PRETO DA EVA;66;160;41;160;110;31072;123;145;34856;
PA;150309;GOIANÉSIA DO PARÁ;66;162;41;162;87;22870;159;186;41678;
SP;355395;TARUMÃ;66;75;88;75;60;16876;55;125;15361;
PB;251230;PRINCESA ISABEL;66;82;80;82;72;22918;75;114;23749;
MA;211130;SÃO LUÍS;664;2624;25;2624;2374;562385;4710;111;1115932;
TO;172100;PALMAS;667;1665;40;1216;1665;314223;1660;73;313349;
MG;313665;JUATUBA;67;104;64;104;120;31277;107;87;27823;
PB;250040;ALAGOA NOVA;67;108;62;108;87;21959;83;124;20992;
PB;250300;CAAPORÃ;67;129;52;129;116;23113;111;111;22079;
MA;210043;ALTO ALEGRE DO MARANHÃO;67;131;51;131;107;24360;123;122;28066;
SC;421720;SÃO MIGUEL DO OESTE;67;178;38;129;178;42799;172;72;41246;
PA;150445;MEDICILÂNDIA;67;178;38;178;80;20003;129;223;32347;
MG;312090;CURVELO;67;181;37;181;214;64953;267;85;81085;
SP;350590;BATATAIS;67;205;33;115;205;59833;217;56;63438;
MG;316990;UBÁ;67;281;24;186;281;84427;393;66;117995;
RN;240890;PARELHAS;67;85;79;85;88;23578;81;97;21611;
SP;355380;TAQUARITUBA;67;91;74;91;86;24605;81;106;23292;
PE;260540;FEIRA NOVA;67;93;72;93;97;23353;93;96;22360;
CE;231150;QUIXERÉ;67;96;70;96;70;23141;68;137;22432;
PR;412850;WENCESLAU BRAZ;67;99;68;99;78;19889;76;127;19358;
PI;220580;LUZILÂNDIA;68;103;66;103;108;25698;107;95;25521;
AL;270830;SÃO JOSÉ DA LAJE;68;113;60;113;117;24747;114;97;24064;
MA;211110;SÃO JOÃO DOS PATOS;68;117;58;117;117;27930;109;100;26063;
MS;500470;IVINHEMA;68;119;57;119;140;29643;110;85;23277;
PE;261630;VICÊNCIA;68;121;56;121;100;29250;113;121;32897;
BA;292060;MARAGOGIPE;68;155;44;155;116;39753;131;134;44902;
SC;420360;CAMPOS NOVOS;68;156;44;121;156;36178;159;78;36861;
AM;130140;EIRUNEPÉ;68;156;44;156;170;23951;257;92;36121;
PE;260230;BONITO;68;179;38;179;171;36582;178;105;38101;
AM;130353;PRESIDENTE FIGUEIREDO;68;196;35;196;139;36051;147;141;38095;
BA;291750;JACOBINA;68;344;20;285;344;71595;388;83;80749;
GO;520547;CHAPADÃO DO CÉU;68;87;78;87;81;14380;61;107;10797;
PR;410660;CRUZEIRO DO OESTE;68;92;74;92;97;25638;79;95;20962;
MG;315690;SACRAMENTO;68;96;71;96;100;29399;90;96;26556;
SP;354160;PROMISSÃO;69;103;67;103;100;33062;125;103;41211;
CE;230740;JUCÁS;69;104;66;104;100;25653;97;104;24949;
CE;231085;PINDORETAMA;69;113;61;113;121;26983;94;93;20964;
CE;230320;CARIRIAÇU;69;113;61;113;128;30014;115;88;27008;
BA;290850;CONCEIÇÃO DO JACUÍPE;69;135;51;135;88;33422;89;153;33631;
RS;430676;ELDORADO DO SUL;69;137;50;137;130;33349;165;105;42490;
BA;291810;JEREMOABO;69;140;49;140;120;34205;143;117;40832;
MA;211010;SANTA QUITÉRIA DO MARANHÃO;69;146;47;146;153;29098;136;95;25884;
SE;280130;CAPELA;69;146;47;146;158;34662;159;92;34808;
MS;500330;COXIM;69;147;47;147;148;34101;146;99;33547;
MT;510650;POCONÉ;69;152;45;152;118;29622;133;129;33386;
SP;352400;ITUPEVA;69;158;44;126;158;39828;256;80;64330;
MA;210820;PEDREIRAS;69;158;44;158;180;43344;163;88;39153;
PR;411070;IRATI;69;190;36;190;127;31521;248;150;61439;
CE;230075;AMONTADA;69;236;29;236;205;40475;224;115;44195;
PA;150620;SALINÓPOLIS;69;252;27;252;190;46372;169;133;41164;
ES;320240;GUARAPARI;69;386;18;386;330;78075;543;117;128504;
BA;292525;PONTO NOVO;69;86;80;86;84;18247;68;102;14729;
PR;410450;CAPANEMA;69;90;77;90;74;20535;69;122;19172;
SP;355430;TEODORO SAMPAIO;69;95;73;95;100;24818;94;95;23395;
RN;240640;LAGOA DE VELHOS;7;10;70;10;10;3280;8;100;2732;
MT;510788;SERRA NOVA DOURADA;7;10;70;10;4;2148;3;250;1705;
SP;350395;ASPÁSIA;7;10;70;10;5;2455;4;200;1815;
MG;313640;JOAQUIM FELÍCIO;7;10;70;10;5;3899;6;200;4757;
PR;410302;BOA ESPERANÇA DO IGUAÇU;7;10;70;10;7;2652;6;143;2437;
GO;521565;PALESTINA DE GOIÁS;7;10;70;10;7;3173;8;143;3470;
GO;520260;AURILÂNDIA;7;10;70;10;7;3567;6;143;3000;
SE;280250;GENERAL MAYNARD;7;10;70;10;8;3627;8;125;3421;
MT;510380;FIGUEIRÓPOLIS D'OESTE;7;10;70;8;10;3646;9;80;3411;
MG;310960;CACHOEIRA DA PRATA;7;10;70;8;10;4332;8;80;3580;
SC;420055;ÁGUAS FRIAS;7;11;64;11;10;3262;7;110;2341;
MG;315330;PRESIDENTE KUBITSCHEK;7;11;64;11;10;3607;8;110;3000;
TO;172093;TAIPAS DO TOCANTINS;7;11;64;11;4;2335;4;275;2183;
PI;220157;BELÉM DO PIAUÍ;7;11;64;11;4;3610;4;275;3607;
SC;421189;PAINEL;7;11;64;11;5;2935;4;220;2352;
PB;251260;QUIXABÁ;7;11;64;11;6;2400;5;183;2009;
SC;421185;OURO VERDE;7;11;64;11;6;2564;5;183;2197;
PB;251560;SERRA DA RAIZ;7;11;64;11;7;3563;6;157;3114;
SP;354280;RIBEIRA;7;11;64;11;7;3809;6;157;3320;
TO;171150;JAÚ DO TOCANTINS;7;11;64;11;8;3859;8;138;3906;
SP;354960;SÃO JOSÉ DO BARREIRO;7;11;64;11;8;4169;8;138;4141;
RS;430550;CIRÍACO;7;11;64;11;8;4660;8;138;4693;
SP;354110;PRESIDENTE ALVES;7;11;64;11;9;4461;8;122;4067;
MG;316905;TOCOS DO MOJI;7;11;64;11;9;4480;8;122;4117;
SC;420519;ERMO;7;11;64;7;11;2781;8;64;2059;
PI;220535;JOÃO COSTA;7;12;58;10;12;3592;10;83;3003;
SC;420980;LEOBERTO LEAL;7;12;58;10;12;4042;9;83;2960;
GO;520455;CALDAZINHA;7;12;58;12;11;5890;7;109;3900;
RS;431349;NOVO BARREIRO;7;12;58;12;13;4855;11;92;4185;
PB;251480;SÃO JOSÉ DOS CORDEIROS;7;12;58;12;9;4006;8;133;3607;
SC;421125;MORRO GRANDE;7;12;58;7;12;3398;10;58;2884;
RS;431535;QUINZE DE NOVEMBRO;7;12;58;9;12;4397;10;75;3810;
SP;350830;CABRÁLIA PAULISTA;7;13;54;10;13;5042;11;77;4222;
SE;280730;TELHA;7;13;54;13;13;3526;12;100;3271;
PR;410712;DIAMANTE DO SUL;7;13;54;13;13;3634;12;100;3409;
SP;354310;RIBEIRÃO CORRENTE;7;13;54;13;14;4948;14;93;4786;
SP;355130;SEBASTIANÓPOLIS DO SUL;7;13;54;13;4;4394;3;325;3595;
RS;430632;DERRUBADAS;7;13;54;13;5;3313;4;260;2718;
SP;351710;GLICÉRIO;7;13;54;9;13;5536;11;69;4842;
TO;170035;ALIANÇA DO TOCANTINS;7;14;50;10;14;5982;12;71;5303;
MT;510820;TORIXORÉU;7;14;50;14;11;3466;11;127;3487;
BA;292780;SANTA CRUZ DA VITÓRIA;7;14;50;14;11;5077;13;127;6241;
MG;316780;SOLEDADE DE MINAS;7;14;50;14;11;5654;12;127;6226;
PB;250870;MÃE D'ÁGUA;7;14;50;14;12;4107;12;117;3988;
PB;250420;CATINGUEIRA;7;14;50;14;16;5412;15;88;4938;
RS;431237;MONTE ALEGRE DOS CAMPOS;7;14;50;14;8;3802;7;175;3237;
SC;421960;XAVANTINA;7;14;50;14;8;4229;7;175;3873;
RS;431247;MORRO REUTER;7;14;50;14;9;6463;9;156;6570;
PI;220410;FRANCISCO AYRES;7;15;47;11;15;4961;13;73;4300;
SP;351430;DOURADO;7;15;47;11;15;6491;21;73;8883;
GO;520980;HIDROLINA;7;15;47;15;10;4340;8;150;3450;
PI;221090;SOCORRO DO PIAUÍ;7;15;47;15;12;4633;12;125;4557;
MG;316170;SÃO GONÇALO DO ABAETÉ;7;15;47;15;12;6889;15;125;8527;
MT;510757;RONDOLÂNDIA;7;15;47;15;4;3476;5;375;4069;
TO;170025;ABREULÂNDIA;7;15;47;15;6;3184;5;250;2609;
TO;171270;MATEIROS;7;15;47;15;7;3184;6;214;2773;
SP;354830;SANTO EXPEDITO;7;15;47;15;7;3675;6;214;3159;
MT;510835;VALE DE SÃO DOMINGOS;7;15;47;15;8;3547;7;188;3124;
MG;316360;SÃO JOSÉ DO MANTIMENTO;7;15;47;15;9;3254;8;167;2821;
RO;110155;TEIXEIRÓPOLIS;7;16;44;16;13;5323;10;123;4160;
PI;220130;BARREIRAS DO PIAUÍ;7;16;44;16;6;3432;6;267;3356;
GO;520393;BURITI DE GOIÁS;7;16;44;16;8;3104;6;200;2464;
RS;431430;PEJUÇARA;7;16;44;16;8;4284;7;200;3840;
PR;410655;CORUMBATAÍ DO SUL;7;17;41;11;17;4704;11;65;3038;
RS;430755;ESTAÇÃO;7;17;41;12;17;6565;15;71;5924;
RS;430250;BOSSOROCA;7;17;41;17;14;6177;14;121;6135;
RS;431402;PARAÍSO DO SUL;7;17;41;17;15;7205;16;113;7635;
RJ;330450;RIO DAS FLORES;7;17;41;17;17;9149;17;100;9401;
GO;522220;VILA BOA;7;17;41;17;6;5302;7;283;6451;
SP;350080;ALFREDO MARCONDES;7;17;41;9;17;5916;12;53;4201;
RS;430020;AJURICABA;7;18;39;12;18;7604;16;67;6951;
PR;410130;ANTÔNIO OLINTO;7;18;39;13;18;8181;16;72;7421;
RS;431040;INDEPENDÊNCIA;7;18;39;14;18;7290;15;78;6054;
MG;316105;SÃO FÉLIX DE MINAS;7;18;39;18;11;4014;9;164;3354;
RS;431162;LINDOLFO COLLOR;7;18;39;18;14;5410;16;129;6193;
MG;314770;PASSA TEMPO;7;18;39;18;17;8733;16;106;8031;
RN;241025;PORTO DO MANGUE;7;18;39;18;18;5679;21;100;6605;
SP;351730;GUAIMBÊ;7;18;39;18;18;6549;16;100;5806;
SC;420110;ANITÁPOLIS;7;18;39;18;9;4017;7;200;3223;
GO;521990;SÃO FRANCISCO DE GOIÁS;7;19;37;16;19;7040;17;84;6265;
MT;510740;SÃO PEDRO DA CIPA;7;19;37;19;13;3940;16;146;4823;
MS;500627;PARAÍSO DAS ÁGUAS;7;19;37;19;7;3348;12;271;5751;
MG;316165;SÃO GERALDO DO BAIXIO;7;19;37;19;8;4133;8;238;4104;
GO;520357;BONÓPOLIS;7;19;37;19;8;4431;8;238;4579;
MG;315850;SANTANA DE PIRAPAMA;7;20;35;20;13;8054;12;154;7538;
MG;311210;CAPARAÓ;7;21;33;14;21;6150;19;67;5464;
RS;431770;SANTO ANTÔNIO DAS MISSÕES;7;21;33;16;21;8428;25;76;9930;
RN;241340;SERRA NEGRA DO NORTE;7;21;33;21;17;8036;17;124;8105;
PR;411342;LIDIANÓPOLIS;7;21;33;7;21;4700;14;33;3155;
PR;411155;IVATÉ;7;22;32;22;18;7451;20;122;8294;
MS;500755;SANTA RITA DO PARDO;7;22;32;22;2;6526;3;1100;7948;
RN;240330;ENCANTO;7;22;32;22;24;5190;26;92;5697;
MG;315830;SANTANA DA VARGEM;7;23;30;16;23;8127;20;70;7047;
GO;520017;ÁGUA FRIA DE GOIÁS;7;23;30;23;13;6262;12;177;5843;
MG;312385;ENTRE FOLHAS;7;24;29;12;24;6547;20;50;5383;
MG;312560;FELISBURGO;7;24;29;24;23;6350;27;104;7548;
GO;520425;CACHOEIRA DOURADA;7;24;29;24;28;9074;25;86;7997;
AL;270135;CAMPESTRE;7;25;28;21;25;6874;25;84;6972;
MG;314850;PAVÃO;7;25;28;25;17;7411;19;147;8390;
SP;354760;SANTA ROSA DE VITERBO;7;25;28;25;18;6617;72;139;26960;
MG;310640;BELO VALE;7;25;28;25;29;9227;24;86;7723;
MT;510285;CASTANHEIRA;7;26;27;17;26;7848;29;65;8782;
CE;231325;TARRAFAS;7;26;27;18;26;8987;25;69;8555;
ES;320110;BOM JESUS DO NORTE;7;26;27;26;20;10229;20;130;9988;
MG;316880;TIRADENTES;7;28;25;28;19;8103;19;147;8160;
SC;421825;TIMBÓ GRANDE;7;29;24;20;29;7280;32;69;8003;
MA;210312;CENTRAL DO MARANHÃO;7;29;24;24;29;6325;41;83;8806;
MG;314620;OURO VERDE DE MINAS;7;31;23;31;22;6223;21;141;5895;
MG;310400;ARAXÁ;7;317;2;81;317;78459;438;26;108403;
AM;130090;CANUTAMA;7;32;22;32;32;9493;54;100;15981;
PR;410950;GUARAQUEÇABA;7;34;21;34;26;8246;24;131;7554;
SC;420470;CUNHA PORÃ;7;35;20;24;35;12412;31;69;11150;
MA;211227;TUFILÂNDIA;7;35;20;35;29;7373;23;121;5868;
SE;280070;BREJO GRANDE;7;35;20;35;34;8236;35;103;8396;
RS;430140;ARVOREZINHA;7;37;19;25;37;11389;34;68;10422;
PR;410470;CARLÓPOLIS;7;38;18;29;38;9913;55;76;14391;
SP;353240;NAZARÉ PAULISTA;7;38;18;38;32;9815;62;119;18866;
PA;150611;QUATIPURU;7;41;17;41;30;11074;37;137;13794;
RN;241140;SANTANA DO MATOS;7;42;17;42;35;12503;33;120;11808;
MA;210635;MARAJÁ DO SENA;7;49;14;49;13;6562;15;377;7757;
PA;150100;AVEIRO;7;50;14;50;28;11609;39;179;16421;
ES;320255;IBITIRAMA;7;54;13;39;54;10774;44;72;8830;
SP;353650;PAULÍNIA;7;66;11;66;57;13888;468;116;114508;
PA;150630;SALVATERRA;7;68;10;68;55;13000;104;124;24392;
SP;351360;CUNHA;7;69;10;69;50;16298;66;138;21373;
SC;420555;FREI ROGÉRIO;7;7;100;7;7;2760;5;100;1918;
SP;353286;NOVA CASTILHO;7;8;88;8;1;1618;1;800;1290;
SP;354085;PRACINHA;7;8;88;8;1;2327;1;800;4327;
MG;311040;CAMACHO;7;8;88;8;2;3520;2;400;2839;
RS;431507;PORTO VERA CRUZ;7;8;88;8;4;1864;3;200;1258;
RS;430107;ARROIO DO PADRE;7;8;88;8;4;3130;4;200;2966;
RS;431300;NOVA BRÉSCIA;7;8;88;8;4;3607;4;200;3345;
RS;431190;MARCELINO RAMOS;7;8;88;8;9;4957;8;89;4239;
RS;432090;TAPEJARA;7;81;9;51;81;20348;99;63;24973;
RS;431360;PAIM FILHO;7;9;78;7;9;4900;7;78;3731;
SP;351512;EMILIANÓPOLIS;7;9;78;9;10;3671;9;90;3238;
SC;421410;PRESIDENTE NEREU;7;9;78;9;3;2207;3;300;2279;
TO;172085;SUCUPIRA;7;9;78;9;4;2027;4;225;2007;
SP;350200;ANALÂNDIA;7;9;78;9;4;2477;8;225;5115;
PI;220385;FLORESTA DO PIAUÍ;7;9;78;9;4;2818;4;225;2561;
SP;354925;SÃO JOÃO DE IRACEMA;7;9;78;9;5;2424;4;180;1942;
PB;251710;VÁRZEA;7;9;78;9;5;2949;5;180;2870;
GO;520015;ADELÂNDIA;7;9;78;9;5;3023;4;180;2515;
RS;431205;MARQUES DE SOUZA;7;9;78;9;8;4551;7;113;3981;
RS;431935;SÃO PEDRO DA SERRA;7;9;78;9;8;4664;7;113;3881;
RS;432023;SEDE NOVA;7;9;78;9;9;3026;9;100;2875;
MG;316295;SÃO JOSÉ DA LAPA;7;90;8;46;90;21686;102;51;24490;
BA;292440;PILÃO ARCADO;7;92;8;92;105;21035;176;88;35295;
SP;352100;IPERÓ;70;102;69;102;50;20175;97;204;38771;
PE;260370;CANHOTINHO;70;105;67;105;92;23477;97;114;24743;
PR;410650;CORONEL VIVIDA;70;109;64;109;101;26186;79;108;20430;
PB;250830;LAGOA SECA;70;109;64;109;128;28894;123;85;27728;
ES;320300;IÚNA;70;110;64;110;107;27756;113;103;29417;
MS;500100;APARECIDA DO TABOADO;70;116;60;116;119;29726;106;97;26386;
SE;280760;UMBAÚBA;70;118;59;118;89;23299;99;133;25800;
MA;211003;SANTA LUZIA DO PARUÁ;70;133;53;133;81;23058;89;164;25487;
PE;260570;FLORESTA;70;136;51;136;106;26580;134;128;33488;
BA;290687;CAPIM GROSSO;70;142;49;142;153;31424;151;93;31055;
SP;350380;ARTUR NOGUEIRA;70;145;48;115;145;44213;184;79;56247;
BA;291650;ITAPICURU;70;146;48;146;86;28518;109;170;36173;
RS;430350;CAMAQUÃ;70;152;46;152;144;45621;211;106;66686;
MG;312410;ESMERALDAS;70;162;43;117;162;33745;348;72;72512;
AP;160027;LARANJAL DO JARI;70;183;38;183;189;39568;250;97;52302;
PA;150040;ALENQUER;70;308;23;308;164;27816;339;188;57390;
PR;410210;ASTORGA;70;88;80;88;89;26726;88;99;26304;
RN;241150;SANTO ANTÔNIO;70;92;76;92;83;23981;85;111;24422;
SP;355450;TIETÊ;70;97;72;97;80;23241;147;121;42946;
CE;230270;CAMPOS SALES;71;106;67;106;120;28889;114;88;27513;
AL;270920;TRAIPU;71;123;58;123;70;22601;86;176;27934;
SC;420845;ITAPOÁ;71;125;57;125;123;33019;81;102;21766;
MG;315200;POMPÉU;71;127;56;127;125;33236;121;102;32248;
MG;312870;GUAXUPÉ;71;135;53;114;135;41108;172;84;52234;
BA;293077;SOBRADINHO;71;137;52;137;130;26314;115;105;23274;
PA;150619;RURÓPOLIS;71;141;50;141;48;21633;116;294;52473;
MA;210780;PARNARAMA;71;159;45;159;121;31349;136;131;35108;
PR;410240;BANDEIRANTES;71;165;43;109;165;42673;120;66;31061;
MG;314310;MONTE CARMELO;71;175;41;138;175;51842;162;79;48049;
RJ;330555;SEROPÉDICA;71;247;29;247;189;56722;279;131;83841;
AM;130406;TABATINGA;71;340;21;250;340;44265;526;74;68502;
BA;290350;BELO CAMPO;71;87;82;87;68;19844;58;128;17013;
CE;231195;SALITRE;71;93;76;93;90;20134;75;103;16714;
PB;250700;ITAPORANGA;71;99;72;99;100;24103;104;99;24960;
PA;150304;FLORESTA DO ARAGUAIA;72;102;71;102;102;20515;103;100;20742;
MG;310930;BURITIS;72;107;67;107;107;27751;97;100;25179;
PB;250770;JUAZEIRINHO;72;109;66;109;92;18975;89;118;18422;
MT;510560;MATUPÁ;72;113;64;113;122;20586;101;93;17017;
CE;230130;ARARIPE;72;120;60;97;120;23966;109;81;21707;
GO;521800;PORANGATU;72;122;59;122;125;33790;170;98;45866;
MG;310540;BARÃO DE COCAIS;72;123;59;123;96;33095;96;128;33232;
MG;312430;ESPINOSA;72;131;55;131;113;30345;118;116;31603;
MA;211290;VITÓRIA DO MEARIM;72;139;52;139;122;27442;146;114;32956;
MA;210095;ARAME;72;140;51;140;130;25644;166;108;32825;
CE;230030;ACOPIARA;72;159;45;159;157;46115;186;101;54687;
GO;521930;SANTA HELENA DE GOIÁS;72;161;45;134;161;40215;156;83;38962;
PI;220220;CAMPO MAIOR;72;167;43;167;189;49149;181;88;46950;
PI;220790;PEDRO II;72;185;39;115;185;42812;168;62;38812;
PE;261420;SIRINHAÉM;72;196;37;196;134;38805;162;146;46845;
PA;150320;IGARAPÉ-AÇU;72;203;35;203;169;37281;178;120;39234;
SP;350160;AMERICANA;72;270;27;270;242;73389;805;112;244370;
MG;313380;ITAÚNA;72;304;24;191;304;88139;326;63;94455;
MT;510625;NOVA XAVANTINA;72;96;75;96;95;24493;84;101;21695;
RN;240810;NATAL;721;1635;44;1635;1403;438001;2872;117;896708;
PR;411990;PONTA GROSSA;729;1138;64;1138;1308;294805;1592;87;358838;
SP;354020;PONTAL;73;101;72;101;102;33853;156;99;51717;
RS;431640;ROSÁRIO DO SUL;73;104;70;104;85;22246;150;122;39210;
BA;290620;CANARANA;73;107;68;107;108;27208;105;99;26468;
PE;260900;MACAPARANA;73;114;64;114;107;24742;111;107;25565;
RS;432150;TORRES;73;115;63;115;96;24291;156;120;39381;
MT;510020;ÁGUA BOA;73;116;63;116;129;28958;119;90;26679;
PE;260660;IBIMIRIM;73;119;61;119;108;24386;131;110;29585;
AL;270940;VIÇOSA;73;125;58;125;104;24367;110;120;25655;
SC;421350;PORTO BELO;73;128;57;104;128;34733;83;81;22466;
BA;291915;LAPÃO;73;143;51;111;143;30430;128;78;27323;
AL;270710;PIRANHAS;73;145;50;145;134;25483;133;108;25324;
RO;110013;MACHADINHO D'OESTE;73;162;45;162;84;29527;118;193;41724;
RN;240650;LAGOA NOVA;73;85;86;85;66;16943;62;129;15880;
SP;350580;BASTOS;73;88;83;88;85;25004;71;104;20952;
CE;230530;IBIAPINA;74;122;61;122;115;25630;113;106;25165;
BA;291770;JAGUARARI;74;131;56;131;106;30877;116;124;33915;
SP;351740;GUAÍRA;74;133;56;106;133;42300;130;80;41283;
AL;270420;LIMOEIRO DE ANADIA;74;142;52;142;100;28334;102;142;28904;
RS;430790;FARROUPILHA;74;171;43;129;171;47001;268;75;73758;
PR;410345;CAFELÂNDIA;74;93;80;93;89;19129;87;104;18783;
PE;261330;SÃO JOAQUIM DO MONTE;75;105;71;105;89;22441;85;118;21439;
SP;353350;NOVO HORIZONTE;75;131;57;97;131;36633;149;74;41765;
SP;355370;TAQUARITINGA;75;132;57;132;81;29427;158;163;57547;
MG;315150;PIUMHI;75;135;56;135;134;38957;121;101;35137;
RN;240310;CURRAIS NOVOS;75;136;55;136;149;42327;158;91;45022;
MG;313630;JOÃO PINHEIRO;75;174;43;142;174;40534;206;82;47990;
AM;130100;CARAUARI;75;199;38;199;179;25211;204;111;28719;
RN;240360;EXTREMOZ;75;228;33;174;228;39948;167;76;29282;
PR;410100;AMPÉRE;76;107;71;107;86;20529;82;124;19466;
BA;293300;VALENTE;76;114;67;114;49;22314;64;233;29111;
PE;260070;ALIANÇA;76;138;55;138;160;40394;152;86;38408;
BA;292370;PARATINGA;76;139;55;139;117;28867;131;119;32274;
PB;251120;PEDRAS DE FOGO;76;152;50;152;168;34567;139;90;28607;
PR;410400;CAMPINA GRANDE DO SUL;76;161;47;161;167;32688;225;96;44072;
MG;310740;BOM DESPACHO;76;175;43;175;198;56086;182;88;51436;
MA;210945;RAPOSA;76;179;42;179;141;31875;140;127;31586;
PA;150808;TUCUMÃ;76;199;38;199;177;33726;213;112;40661;
ES;320455;SANTA MARIA DE JETIBÁ;76;201;38;166;201;43269;193;83;41588;
RN;241220;SÃO JOSÉ DE MIPIBU;76;207;37;163;207;45402;203;79;44566;
PA;150090;AUGUSTO CORRÊA;76;234;32;234;263;48649;254;89;46937;
PA;150150;BENEVIDES;76;276;28;276;274;60965;291;101;64780;
CE;230830;MILAGRES;77;106;73;106;117;31178;103;91;27413;
SP;355010;SÃO MANUEL;77;107;72;107;78;25919;124;137;41287;
CE;230945;OCARA;77;110;70;110;85;27556;80;129;25958;
SP;354970;SÃO JOSÉ DO RIO PARDO;77;112;69;112;125;37418;185;90;55298;
AL;270410;LAGOA DA CANOA;77;113;68;113;94;20863;80;120;17692;
RJ;330400;PIRAÍ;77;118;65;118;136;35742;113;87;29802;
MA;210200;BOM JARDIM;77;160;48;160;144;33362;181;111;42010;
MG;311800;CONGONHAS;77;220;35;176;220;63392;194;80;55836;
CE;230160;ASSARÉ;77;90;86;90;91;24551;87;99;23537;
ES;320500;SERRA;772;1742;44;1742;1459;329824;2374;119;536765;
MT;510860;VILA RICA;78;104;75;104;63;19359;87;165;26946;
PB;251210;POMBAL;78;115;68;115;133;38295;114;86;32803;
BA;291440;IRAQUARA;78;132;59;132;92;24143;98;143;25728;
MT;510140;ARIPUANÃ;78;152;51;152;95;21102;104;160;23067;
PA;150405;MÃE DO RIO;78;159;49;159;180;32134;170;88;30389;
BA;292810;SANTA MARIA DA VITÓRIA;78;161;48;161;135;36839;146;119;39707;
MA;210660;MATÕES;78;176;44;176;138;30998;152;128;34099;
MG;317040;UNAÍ;78;211;37;211;225;51234;375;94;85461;
BA;290980;CRUZ DAS ALMAS;78;236;33;236;155;44923;221;152;63923;
SP;354330;RIBEIRÃO PIRES;78;238;33;194;238;70917;420;82;125238;
MG;317130;VIÇOSA;78;249;31;177;249;67412;295;71;79910;
PR;410480;CASCAVEL;786;1238;63;1238;1331;294814;1517;93;336073;
PR;410860;GOIOERÊ;79;104;76;104;120;31633;109;87;28734;
PR;412350;SANTA HELENA;79;120;66;120;113;30445;100;106;27036;
MT;510350;DIAMANTINO;79;123;64;123;138;25701;120;89;22311;
SP;350925;CAJATI;79;128;62;128;127;33837;107;101;28441;
PE;261050;PASSIRA;79;132;60;132;115;30613;108;115;28856;
MG;313250;ITAMARANDIBA;79;150;53;150;134;34801;135;112;35130;
BA;290290;BARRA DO CHOÇA;79;159;50;159;181;40055;139;88;30831;
SE;280540;POÇO REDONDO;79;160;49;160;132;30762;152;121;35461;
SP;353390;OLÍMPIA;79;170;46;120;170;46878;201;71;55477;
CE;231025;PARAIPABA;79;171;46;171;111;30434;121;154;33232;
PR;411750;PAIÇANDU;79;178;44;178;144;31464;194;124;42251;
TO;170550;COLINAS DO TOCANTINS;79;194;41;148;194;39112;180;76;36271;
MG;316553;SARZEDO;79;195;41;132;195;40286;165;68;34050;
PA;150510;ÓBIDOS;79;253;31;253;196;32361;317;129;52473;
MG;314330;MONTES CLAROS;798;1903;42;1430;1903;414179;1918;75;417478;
RS;431339;NOVO CABRAIS;8;10;80;10;10;4629;9;100;4246;
SP;350120;ÁLVARES FLORENCE;8;10;80;10;10;5322;7;100;3616;
SC;421165;NOVO HORIZONTE;8;10;80;10;7;2861;6;143;2366;
RS;432032;SENADOR SALGADO FILHO;8;10;80;10;8;3183;7;125;2761;
SC;420945;LAJEADO GRANDE;8;10;80;10;9;2056;6;111;1408;
RS;431930;SÃO PAULO DAS MISSÕES;8;10;80;10;9;6534;8;111;5654;
PR;410165;ARAPUÃ;8;10;80;8;10;3863;8;80;2951;
SP;353570;PARAÍSO;8;11;73;11;12;4282;19;92;6536;
SC;420760;IPIRA;8;11;73;11;12;5285;10;92;4367;
SP;351780;GUARAÇAÍ;8;11;73;11;12;8363;12;92;8258;
PB;250435;CATURITÉ;8;11;73;11;13;3650;17;85;4898;
PB;250937;MATO GROSSO;8;11;73;11;3;3035;3;367;2944;
PI;220415;FRANCISCO MACEDO;8;11;73;11;6;3103;6;183;3216;
GO;520465;CAMPINAÇU;8;11;73;11;6;3911;6;183;3628;
RS;430265;BROCHIER;8;11;73;11;6;5679;5;183;5132;
GO;520680;DAMOLÂNDIA;8;11;73;11;7;4071;5;157;2944;
PB;251030;NOVA PALMEIRA;8;11;73;11;7;4270;8;157;5011;
PB;250550;VISTA SERRANA;8;11;73;11;8;4233;7;138;3850;
SP;354510;SALMOURÃO;8;11;73;11;9;3094;15;122;5372;
RS;432030;SELBACH;8;12;67;10;12;5756;11;83;5114;
RN;241490;VIÇOSA;8;12;67;12;1;2114;1;1200;1731;
RN;240390;FRANCISCO DANTAS;8;12;67;12;11;3309;9;109;2801;
GO;521200;JAUPACI;8;12;67;12;11;3477;9;109;2843;
RS;430697;EREBANGO;8;12;67;12;11;3497;9;109;2978;
SC;421070;MATOS COSTA;8;12;67;12;12;3134;9;100;2442;
PI;220080;ANTÔNIO ALMEIDA;8;12;67;12;12;3689;10;100;3175;
RN;240860;PARANÁ;8;12;67;12;12;4437;12;100;4298;
PR;411130;ITAÚNA DO SUL;8;12;67;12;14;4120;9;86;2700;
PI;220027;ALEGRETE DO PIAUÍ;8;12;67;12;14;5159;13;86;4921;
RS;431514;PRESIDENTE LUCENA;8;12;67;12;7;3410;6;171;2972;
PI;220915;SANTA CRUZ DOS MILAGRES;8;12;67;12;7;4070;7;171;4046;
SP;350110;ALTO ALEGRE;8;12;67;12;7;4483;6;171;4078;
MG;315520;RIO ESPERA;8;12;67;12;7;6308;6;171;5332;
PB;251570;SERRA GRANDE;8;12;67;8;12;3620;10;67;2921;
RR;140040;NORMANDIA;8;125;6;55;125;11019;134;44;11772;
MG;310925;BUGRE;8;13;62;13;10;4871;8;130;3984;
MG;314467;NOVA BELÉM;8;13;62;13;13;3610;11;100;3067;
SP;350075;ALAMBARI;8;13;62;13;14;5643;16;93;6231;
SP;355495;TUIUTI;8;13;62;13;14;6042;16;93;7058;
PB;251335;SANTA INÊS;8;13;62;13;7;3591;7;186;3591;
PI;220860;PRATA DO PIAUÍ;8;13;62;13;7;3886;6;186;3149;
RN;240590;JOÃO DIAS;8;13;62;13;8;2725;8;163;2653;
TO;171245;LUZINÓPOLIS;8;13;62;13;9;3179;9;144;3200;
MG;310520;BANDEIRA;8;13;62;13;9;4806;9;144;4738;
PA;150280;CURRALINHO;8;138;6;138;103;16803;218;134;35530;
RJ;330475;SÃO FRANCISCO DE ITABAPOANA;8;138;6;78;138;32430;179;57;42214;
RN;240760;MESSIAS TARGINO;8;14;57;10;14;5044;13;71;4665;
PR;410685;CRUZMALTINA;8;14;57;11;14;3269;12;79;2892;
TO;171500;NOVA ROSALÂNDIA;8;14;57;14;11;4099;12;127;4348;
RS;430320;CACIQUE DOBLE;8;14;57;14;11;4458;12;127;5083;
PI;220795;NOVA SANTA RITA;8;14;57;14;12;4670;11;117;4392;
SP;352160;IRAPURU;8;14;57;14;12;7405;14;117;8356;
MG;316320;SÃO JOSÉ DO ALEGRE;8;14;57;14;13;4507;12;108;4222;
PI;220885;RIACHO FRIO;8;14;57;14;13;4734;12;108;4306;
PI;220400;FRANCINÓPOLIS;8;14;57;14;15;5182;15;93;5345;
SP;350240;ANHUMAS;8;14;57;14;16;4824;14;88;4172;
SC;421568;SANTA TEREZINHA DO PROGRESSO;8;14;57;14;7;3025;5;200;2317;
MG;310440;ARGIRITA;8;14;57;14;7;3347;6;200;2681;
SP;354470;SAGRES;8;14;57;14;8;3070;6;175;2427;
MG;313260;ITAMARATI DE MINAS;8;14;57;14;8;4349;8;175;4395;
MG;314437;NATALÂNDIA;8;14;57;14;9;4338;7;156;3306;
SP;350020;ADOLFO;8;14;57;9;14;6037;8;64;3545;
MG;310870;BRÁS PIRES;8;15;53;15;10;4353;10;150;4255;
PR;412635;SERRANÓPOLIS DO IGUAÇU;8;15;53;15;15;5889;11;100;4460;
MG;312130;DESCOBERTO;8;15;53;15;15;6003;13;100;5044;
RS;432067;SINIMBU;8;15;53;15;15;8461;18;100;10152;
PI;220090;AROAZES;8;15;53;15;16;6339;15;94;5819;
RS;430245;BOQUEIRÃO DO LEÃO;8;15;53;15;16;7160;17;94;7691;
RS;431036;IMIGRANTE;8;15;53;15;5;3787;4;300;3103;
MG;312580;FERNANDES TOURINHO;8;15;53;15;6;3315;6;250;3500;
RN;241080;RIACHO DE SANTANA;8;15;53;15;7;4784;6;214;4194;
TO;171110;ITAPORÃ DO TOCANTINS;8;15;53;15;9;2761;8;167;2412;
PR;411000;IGUARAÇU;8;16;50;11;16;5098;14;69;4475;
GO;521590;PALMINÓPOLIS;8;16;50;12;16;4715;12;75;3578;
PI;220710;OLHO D'ÁGUA DO PIAUÍ;8;16;50;16;11;2911;9;145;2477;
SC;421710;SÃO MARTINHO;8;16;50;16;12;4144;9;133;3162;
MG;311995;CÓRREGO FUNDO;8;16;50;16;15;6588;15;107;6425;
PR;412670;TAMBOARA;8;16;50;16;17;4742;19;94;5196;
PI;220554;LAGOINHA DO PIAUÍ;8;16;50;16;6;3223;5;267;2870;
SP;351560;FERNANDO PRESTES;8;17;47;12;17;7477;13;71;5805;
PR;410920;GUARACI;8;17;47;17;14;5752;14;121;5557;
RS;431420;PEDRO OSÓRIO;8;17;47;17;16;6915;18;106;7683;
SC;421505;RIO RUFINO;8;17;47;17;3;2671;3;567;2484;
GO;522157;UIRAPURU;8;17;47;17;4;3124;4;425;2829;
PR;410275;BELA VISTA DA CAROBA;8;17;47;17;8;3840;7;213;3404;
TO;170105;ANGICO;8;17;47;17;9;3296;9;189;3475;
MS;500797;TAQUARUSSU;8;17;47;17;9;4067;8;189;3588;
PR;412690;TAPIRA;8;18;44;18;17;5210;18;106;5452;
TO;170765;FIGUEIRÓPOLIS;8;18;44;18;19;4915;20;95;5222;
CE;230480;GRANJEIRO;8;18;44;18;19;5615;16;95;4784;
MG;310080;AGUANIL;8;18;44;18;8;5037;7;225;4557;
RS;431290;NOVA BASSANO;8;19;42;12;19;10193;19;63;10089;
MG;315410;RECREIO;8;19;42;15;19;9197;22;79;10522;
TO;170305;BANDEIRANTES DO TOCANTINS;8;19;42;19;13;3611;13;146;3631;
RN;240160;BENTO FERNANDES;8;19;42;19;16;4853;18;119;5552;
TO;171360;MONTE DO CARMO;8;19;42;19;18;5760;25;106;8182;
PI;220980;SÃO GONÇALO DO PIAUÍ;8;19;42;19;20;4925;20;95;5044;
CE;231250;SÃO JOÃO DO JAGUARIBE;8;20;40;11;20;7552;20;55;7557;
MG;313540;JECEABA;8;20;40;12;20;6260;15;60;4795;
MA;210470;GRAÇA ARANHA;8;20;40;20;15;5683;16;133;6261;
RS;430430;CÂNDIDO GODÓI;8;20;40;20;19;7104;16;105;6106;
GO;521910;SANTA BÁRBARA DE GOIÁS;8;20;40;20;23;6425;24;87;6701;
MG;316805;TAPARUBA;8;20;40;20;6;4417;4;333;3093;
SP;350300;ARAMINA;8;21;38;15;21;6710;18;71;5689;
MA;210135;BACURITUBA;8;21;38;21;15;6101;14;140;5696;
MG;315057;PINTÓPOLIS;8;21;38;21;22;7241;23;95;7540;
MG;313810;LASSANCE;8;22;36;15;22;7061;20;68;6494;
SC;420410;CAXAMBU DO SUL;8;22;36;18;22;5509;14;82;3462;
MG;315100;PIRANGUINHO;8;22;36;22;26;10916;21;85;8683;
CE;231123;POTIRETAMA;8;24;33;24;17;5960;18;141;6455;
RO;110050;NOVO HORIZONTE DO OESTE;8;25;32;20;25;7913;26;80;8125;
MG;314240;MOEMA;8;26;31;26;19;8373;17;137;7589;
GO;520320;BARRO ALTO;8;26;31;26;25;7391;40;104;11643;
PR;412627;SAUDADE DO IGUAÇU;8;26;31;26;27;7119;21;96;5578;
BA;290060;AIQUARA;8;26;31;26;8;4098;9;325;4387;
PI;220191;BOM PRINCÍPIO DO PIAUÍ;8;27;30;20;27;6599;23;74;5670;
MG;316447;SÃO SEBASTIÃO DO ANTA;8;27;30;27;24;6774;24;113;6697;
MG;316294;SÃO JOSÉ DA BARRA;8;28;29;20;28;8374;25;71;7532;
PI;220265;CAXINGÓ;8;28;29;23;28;6362;24;82;5477;
PI;220202;BURITI DOS MONTES;8;28;29;28;15;7844;16;187;8282;
BA;290330;BARRO PRETO;8;29;28;13;29;7059;22;45;5312;
MG;310945;CABECEIRA GRANDE;8;29;28;29;13;6586;14;223;7025;
MG;311570;CENTRAL DE MINAS;8;29;28;29;18;7293;17;161;7059;
TO;171790;PONTE ALTA DO TOCANTINS;8;30;27;30;24;6685;30;125;8192;
MA;211195;SUCUPIRA DO RIACHÃO;8;31;26;31;12;5546;12;258;5692;
PI;220217;CAMPO LARGO DO PIAUÍ;8;31;26;31;20;7222;20;155;7342;
MG;314587;ORIZÂNIA;8;33;24;33;35;9004;32;94;8138;
MG;311710;CONCEIÇÃO DA APARECIDA;8;35;23;35;30;10579;29;117;10351;
PI;220870;REDENÇÃO DO GURGUÉIA;8;35;23;35;36;7645;41;97;8814;
MA;210620;LUÍS DOMINGUES;8;37;22;37;39;7783;35;95;7016;
ES;320265;IRUPI;8;37;22;37;43;12817;46;86;13672;
TO;172110;TOCANTÍNIA;8;38;21;17;38;5380;55;45;7688;
PI;220465;ILHA GRANDE;8;40;20;40;44;10770;39;91;9487;
RJ;330022;AREAL;8;42;19;35;42;13535;40;83;12763;
MA;210173;BELÁGUA;8;48;17;37;48;8891;41;77;7586;
MG;311550;CAXAMBU;8;48;17;48;46;15957;62;104;21566;
RN;240750;MAXARANGUAPE;8;49;16;49;32;10434;39;153;12714;
AP;160025;ITAUBAL;8;58;14;58;44;7143;35;132;5730;
MA;210408;FERNANDO FALCÃO;8;62;13;41;62;9281;70;66;10559;
MG;310020;ABAETÉ;8;67;12;54;67;24244;64;81;23263;
RJ;330150;CORDEIRO;8;68;12;30;68;20704;73;44;22152;
RS;431531;QUATRO IRMÃOS;8;8;100;8;3;1861;3;267;1860;
RS;432045;SÉRIO;8;8;100;8;3;2456;2;267;1889;
SC;420160;ARROIO TRINTA;8;8;100;8;7;3904;6;114;3547;
RS;431275;NOVA ALVORADA;8;8;100;8;8;3590;8;100;3698;
SP;350860;CACHOEIRA PAULISTA;8;88;9;38;88;28567;104;43;33827;
SC;421569;SANTIAGO DO SUL;8;9;89;9;5;1883;3;180;1211;
MG;313000;IBITURUNA;8;9;89;9;5;3075;5;180;3003;
MG;314420;NACIP RAYDAN;8;9;89;9;6;3039;6;150;3221;
SP;354900;SÃO FRANCISCO;8;9;89;9;6;3406;5;150;2813;
SP;351650;GABRIEL MONTEIRO;8;9;89;9;6;3478;5;150;2776;
RN;241142;SANTANA DO SERIDÓ;8;9;89;9;8;2944;7;113;2699;
SC;421775;SUL BRASIL;8;9;89;9;8;3089;6;113;2386;
SC;420775;IRACEMINHA;8;9;89;9;9;4355;8;100;3901;
RS;430673;DOUTOR MAURÍCIO CARDOSO;8;9;89;9;9;5047;8;100;4380;
PR;412440;SANTO ANTÔNIO DO SUDOESTE;80;107;75;107;77;22306;70;139;20354;
SC;421360;PORTO UNIÃO;80;108;74;108;122;36781;118;89;35685;
PI;220830;PIRACURUCA;80;133;60;133;146;31865;133;91;28952;
BA;291700;ITIÚBA;80;137;58;137;143;34936;148;96;36140;
PE;260320;CAETÉS;80;141;57;141;112;26158;125;126;29065;
PR;412560;SÃO MATEUS DO SUL;80;145;55;145;112;28259;186;129;47137;
PB;250970;MONTEIRO;80;146;55;146;167;37921;148;87;33638;
RN;240220;CANGUARETAMA;80;153;52;153;139;32502;149;110;34814;
BA;292660;RIBEIRA DO POMBAL;80;161;50;161;174;41206;228;93;54097;
AM;130185;IRANDUBA;80;191;42;191;212;34852;302;90;49718;
MA;211260;URBANO SANTOS;80;207;39;207;161;28523;191;129;33791;
MA;210350;COLINAS;80;218;37;218;171;33536;211;127;41443;
MG;316930;TRÊS CORAÇÕES;80;245;33;182;245;62388;316;74;80561;
PE;260410;CARUARU;807;1374;59;1374;1426;287894;1830;96;369343;
MT;510340;CUIABÁ;808;2353;34;1916;2353;473538;3099;81;623614;
PB;250690;ITABAIANA;81;105;77;105;119;26818;108;88;24363;
MG;310710;BOA ESPERANÇA;81;134;60;134;151;37148;164;89;40308;
MT;510787;SAPEZAL;81;148;55;148;154;27415;154;96;27485;
PB;250460;CONDE;81;159;51;159;178;32131;140;89;25341;
PE;261350;SÃO JOSÉ DO BELMONTE;81;161;50;161;133;32594;139;121;34082;
AM;130070;BOCA DO ACRE;81;171;47;171;169;25532;231;101;34958;
GO;521850;QUIRINÓPOLIS;81;178;46;133;178;48784;187;75;51323;
PE;260190;BEZERROS;81;184;44;184;210;55440;231;88;60960;
AC;120010;BRASILÉIA;81;186;44;186;161;26468;165;116;27123;
PA;150390;JURUTI;81;212;38;212;142;25223;337;149;59961;
MG;314700;PARACATU;81;308;26;251;308;67753;430;81;94539;
AL;270570;OLHO D'ÁGUA DAS FLORES;82;119;69;119;112;22092;110;106;21690;
PB;251600;SOLÂNEA;82;124;66;124;125;30055;108;99;26051;
PB;250600;ESPERANÇA;82;134;61;134;145;35107;138;92;33386;
CE;231160;REDENÇÃO;82;134;61;134;85;31157;80;158;29238;
GO;522160;URUAÇU;82;145;57;145;162;38809;172;90;41150;
PI;220550;JOSÉ DE FREITAS;82;214;38;179;214;43921;192;84;39457;
PE;261320;SÃO JOÃO;83;112;74;112;100;25473;90;112;23002;
SP;351440;DRACENA;83;112;74;112;121;38518;148;93;47287;
SC;421770;SOMBRIO;83;113;73;113;129;33408;120;88;31084;
RS;432145;TEUTÔNIA;83;113;73;113;85;25204;116;133;34275;
SC;421320;POMERODE;83;144;58;99;144;40394;123;69;34561;
ES;320390;NOVA VENÉCIA;83;197;42;197;230;55570;210;86;50751;
AL;270040;ATALAIA;83;215;39;215;141;38044;176;152;47540;
AL;270240;DELMIRO GOUVEIA;83;245;34;245;233;48156;254;105;52501;
CE;230428;EUSÉBIO;83;403;21;254;403;56107;395;63;55035;
CE;230890;MORRINHOS;83;91;91;91;85;19958;97;107;22830;
PE;261110;PETROLINA;833;1821;46;1821;2114;376069;2020;86;359372;
PE;261160;RECIFE;836;3166;26;2498;3166;782197;6723;79;1661017;
SC;420850;ITUPORANGA;84;140;60;118;140;29955;120;84;25619;
BA;290930;CORRENTINA;84;143;59;143;113;29088;125;127;32243;
PR;412410;SANTO ANTÔNIO DA PLATINA;84;155;54;155;168;45164;173;92;46503;
MG;315700;SALINAS;84;156;54;156;146;41485;147;107;41864;
SP;354680;SANTA ISABEL;84;164;51;164;146;40197;213;112;58529;
PA;150812;ULIANÓPOLIS;84;170;49;170;64;30310;131;266;62286;
PI;220370;ESPERANTINA;84;231;36;195;231;46764;197;84;39953;
BA;291360;ILHÉUS;84;367;23;367;326;69748;737;113;157639;
CE;230940;NOVO ORIENTE;85;119;71;119;106;29400;104;112;28737;
PR;411410;MANDAGUAÇU;85;123;69;123;101;22985;103;122;23373;
MG;311120;CAMPO BELO;85;170;50;170;178;57136;169;96;54338;
PA;150543;OURILÂNDIA DO NORTE;85;173;49;173;196;30870;215;88;33831;
MG;310730;BOCAIÚVA;85;185;46;185;174;44505;198;106;50521;
RN;240710;MACAÍBA;85;291;29;291;243;66955;301;120;82828;
RJ;330455;RIO DE JANEIRO;8543;16358;52;16358;18003;5108871;23876;91;6775561;
SP;353550;PARAGUAÇU PAULISTA;86;112;77;112;111;38840;132;101;46180;
CE;231200;SANTANA DO ACARAÚ;86;116;74;116;108;29637;120;107;32851;
SP;355020;SÃO MIGUEL ARCANJO;86;133;65;133;133;36081;122;100;33071;
RN;240420;GOIANINHA;86;152;57;152;177;32235;148;86;27004;
SE;280740;TOBIAS BARRETO;86;157;55;157;174;44103;208;90;52861;
CE;231400;VÁRZEA ALEGRE;86;160;54;131;160;44290;148;82;41078;
MT;510706;QUERÊNCIA;86;171;50;171;143;26576;99;120;18386;
CE;230240;BOA VIAGEM;86;186;46;186;161;46373;190;116;54680;
PR;410980;IBIPORÃ;86;191;45;145;191;53661;198;76;55688;
RS;430470;CARAZINHO;86;197;44;197;190;48235;246;104;62413;
MG;311340;CARATINGA;86;290;30;217;290;79369;340;75;93124;
SP;352250;ITAPEVI;86;417;21;417;435;86451;1227;96;244131;
MG;315220;PORTEIRINHA;87;122;71;122;138;39963;131;88;37823;
ES;320470;SÃO GABRIEL DA PALHA;87;127;69;127;110;34550;125;115;39085;
SC;421250;PENHA;87;139;63;139;160;43489;125;87;34022;
MT;510320;COLÍDER;87;141;62;141;138;32748;143;102;33855;
MS;500500;JARDIM;87;143;61;143;106;26320;106;135;26375;
BA;292170;MORRO DO CHAPÉU;87;145;60;145;152;34127;158;95;35466;
RJ;330190;ITABORAÍ;87;500;17;500;552;159920;844;91;244416;
SC;420540;FLORIANÓPOLIS;873;1706;51;1392;1706;450392;1957;82;516524;
MG;310630;BELO ORIENTE;88;110;80;110;90;26265;93;122;27277;
SP;353670;PEDERNEIRAS;88;128;69;128;129;38002;161;99;47523;
PR;411320;LAPA;88;131;67;131;98;27647;172;134;48651;
PR;410200;ASSIS CHATEAUBRIAND;88;132;67;132;135;33848;133;98;33306;
ES;320305;JAGUARÉ;88;150;59;150;132;31073;134;114;31589;
CE;231050;PEDRA BRANCA;88;150;59;150;161;48114;145;93;43359;
BA;292575;PRESIDENTE TANCREDO NEVES;88;157;56;157;114;26701;121;138;28272;
GO;521830;POSSE;88;159;55;159;137;31466;165;116;37924;
PE;260200;BODOCÓ;88;163;54;163;122;31827;148;134;38605;
MA;210210;BREJO;88;163;54;163;142;34993;150;115;36900;
RN;240200;CAICÓ;88;187;47;187;180;63559;195;104;68726;
PI;221110;UNIÃO;88;236;37;236;198;40079;221;119;44649;
MA;211250;TUTÓIA;88;274;32;274;235;47030;299;117;59927;
TO;171820;PORTO NACIONAL;88;448;20;263;448;66104;363;59;53618;
MG;315560;RIO PARDO DE MINAS;89;118;75;118;96;28136;106;123;31171;
SP;352510;JARDINÓPOLIS;89;124;72;124;140;41423;154;89;45544;
ES;320010;AFONSO CLÁUDIO;89;127;70;127;118;34295;104;108;30326;
RS;431180;MARAU;89;129;69;129;146;43856;152;88;45523;
PE;260750;ITAÍBA;89;144;62;144;101;26241;101;143;26268;
SC;421280;BALNEÁRIO PIÇARRAS;89;148;60;148;150;35770;102;99;24385;
ES;320090;BARRA DE SÃO FRANCISCO;89;164;54;164;169;41136;186;97;45301;
CE;230625;ITAITINGA;89;187;48;187;207;45138;177;90;38661;
MS;500620;NOVA ANDRADINA;89;198;45;157;198;49245;225;79;56057;
PI;220950;SANTO INÁCIO DO PIAUÍ;9;10;90;10;11;4142;10;91;3809;
PR;410910;GUAPOREMA;9;10;90;10;4;2463;4;250;2239;
GO;521470;NOVA AMÉRICA;9;10;90;10;6;2802;5;167;2362;
SP;353715;PEDRINHAS PAULISTA;9;10;90;10;6;3511;5;167;3109;
MG;314550;OLÍMPIO NORONHA;9;10;90;10;7;3102;6;143;2829;
RS;431842;SÃO JOÃO DA URTIGA;9;11;82;11;10;4691;10;110;4625;
MG;315020;PIEDADE DE PONTE NOVA;9;11;82;11;12;4404;11;92;4141;
RN;241070;RIACHO DA CRUZ;9;11;82;11;5;3299;6;220;3648;
SP;353830;PIQUEROBI;9;11;82;11;6;3953;6;183;3706;
RS;430495;CASEIROS;9;11;82;11;7;2998;8;157;3228;
GO;520280;AVELINÓPOLIS;9;11;82;11;7;3358;5;157;2401;
PR;412015;PORTO BARREIRO;9;11;82;11;9;3495;8;122;3133;
MG;316600;SENHORA DE OLIVEIRA;9;12;75;12;11;6104;10;109;5786;
PB;250375;CAJAZEIRINHAS;9;12;75;12;12;3730;10;100;3217;
GO;521520;NOVO BRASIL;9;12;75;12;12;4130;8;100;2775;
MG;313450;ITUTINGA;9;12;75;12;13;4789;10;92;3749;
PB;251440;SÃO JOSÉ DE ESPINHARAS;9;12;75;12;13;4861;12;92;4631;
PB;251320;SANTA CRUZ;9;12;75;12;13;6821;13;92;6579;
RN;240840;OLHO-D'ÁGUA DO BORGES;9;12;75;12;2;4914;2;600;4231;
SC;421085;MIRIM DOCE;9;12;75;12;5;2910;4;240;2257;
PR;411660;NOVA AMÉRICA DA COLINA;9;12;75;12;7;3999;6;171;3424;
SP;353000;MIRA ESTRELA;9;12;75;12;9;3917;7;133;3125;
GO;521960;SANTA TEREZA DE GOIÁS;9;13;69;13;10;3945;8;130;3207;
PR;411630;MUNHOZ DE MELO;9;13;69;13;12;4760;10;108;4034;
PB;251203;POÇO DANTAS;9;13;69;13;14;5079;11;93;3877;
RN;241190;SÃO FRANCISCO DO OESTE;9;13;69;13;15;4798;13;87;4281;
RS;431846;SÃO JOSÉ DO HERVAL;9;13;69;13;4;2268;3;325;1917;
MG;316060;SANTO HIPÓLITO;9;13;69;13;5;3319;5;260;3044;
RS;430237;BOM PROGRESSO;9;13;69;13;6;2714;4;217;1858;
PR;411925;PINHAL DE SÃO BENTO;9;13;69;13;8;2982;7;163;2742;
PB;251050;OLIVEDOS;9;14;64;14;10;4364;9;140;3989;
MG;316225;SÃO JOÃO DA LAGOA;9;14;64;14;10;5054;10;140;4949;
RN;241370;SÍTIO NOVO;9;14;64;14;11;5097;12;127;5600;
PI;220245;CAPITÃO GERVÁSIO OLIVEIRA;9;14;64;14;12;4283;12;117;4127;
SP;352540;JERIQUARA;9;14;64;14;12;4749;8;117;3143;
RS;430955;HARMONIA;9;14;64;14;12;6173;10;117;4967;
SC;421003;LUZERNA;9;14;64;14;15;6491;13;93;5683;
GO;521160;IVOLÂNDIA;9;14;64;14;2;2832;2;700;2295;
TO;171870;RIO DOS BOIS;9;14;64;14;8;2792;8;175;2879;
GO;521645;PEROLÂNDIA;9;14;64;14;8;3528;7;175;3156;
RS;432232;TURUÇU;9;14;64;14;8;3810;7;175;3408;
MG;316650;SERRA AZUL DE MINAS;9;14;64;14;8;4618;7;175;4292;
RS;430360;CAMBARÁ DO SUL;9;14;64;14;8;4671;11;175;6383;
RS;431442;PICADA CAFÉ;9;15;60;12;15;6031;14;80;5780;
SP;353970;PLATINA;9;15;60;15;10;4128;9;150;3606;
MG;315320;PRESIDENTE JUSCELINO;9;15;60;15;11;4177;9;136;3572;
GO;522100;TAQUARAL DE GOIÁS;9;15;60;15;11;4866;8;136;3506;
GO;521971;SANTO ANTÔNIO DA BARRA;9;15;60;15;11;5384;10;136;4886;
RS;430720;ERVAL GRANDE;9;15;60;15;12;5820;10;125;4780;
PI;220985;SÃO JOÃO DA CANABRAVA;9;15;60;15;14;4636;14;107;4619;
RO;110147;PRIMAVERA DE RONDÔNIA;9;15;60;15;15;3912;10;100;2697;
SP;355320;TAIÚVA;9;15;60;15;17;6845;14;88;5562;
MG;313657;JOSENÓPOLIS;9;15;60;15;7;3745;9;214;4911;
PB;250020;AGUIAR;9;15;60;15;9;5698;9;167;5622;
PI;221010;SÃO JOSÉ DO PEIXE;9;16;56;16;10;3989;9;160;3737;
GO;520360;BRAZABRANTES;9;16;56;16;10;4913;8;160;3812;
MG;314010;MARILAC;9;16;56;16;12;5477;9;133;4079;
MG;317107;VEREDINHA;9;16;56;16;12;5726;12;133;5733;
PI;220855;PORTO ALEGRE DO PIAUÍ;9;16;56;16;7;2425;8;229;2728;
GO;522108;TERESINA DE GOIÁS;9;16;56;16;7;3540;7;229;3538;
PB;251740;ZABELÊ;9;16;56;16;9;2678;8;178;2269;
RS;431403;PARECI NOVO;9;17;53;14;17;5063;13;82;3885;
RN;241445;TRIUNFO POTIGUAR;9;17;53;17;15;4120;12;113;3195;
RN;240280;CORONEL EZEQUIEL;9;17;53;17;18;5330;19;94;5501;
MG;311670;COIMBRA;9;17;53;17;19;7900;18;89;7631;
MG;315737;SANTA CRUZ DE SALINAS;9;17;53;17;9;4624;8;189;4074;
GO;521950;SANTA ROSA DE GOIÁS;9;18;50;18;12;3754;7;150;2200;
RS;431449;PINHEIRINHO DO VALE;9;18;50;18;12;5188;11;150;4926;
PI;220210;CAMPINAS DO PIAUÍ;9;18;50;18;13;5762;13;138;5628;
RS;431053;ITAARA;9;18;50;18;14;6656;12;129;5573;
MG;316740;SILVIANÓPOLIS;9;18;50;18;14;6867;13;129;6258;
MG;312250;DOM CAVATI;9;18;50;18;17;6009;14;106;5025;
SC;420435;CORDILHEIRA ALTA;9;18;50;18;18;5456;15;100;4585;
MG;312260;DOM JOAQUIM;9;18;50;18;18;5658;14;100;4436;
GO;522026;SÃO MIGUEL DO PASSA QUATRO;9;18;50;18;8;4813;7;225;4105;
RS;430471;CARAÁ;9;18;50;18;8;8014;8;225;8426;
MG;314225;MIRAVÂNIA;9;18;50;18;9;4485;10;200;4939;
PR;411090;ITAGUAJÉ;9;18;50;18;9;4952;8;200;4426;
TO;171395;MURICILÂNDIA;9;19;47;13;19;4081;17;68;3623;
MG;313065;INDAIABIRA;9;19;47;16;19;6862;20;84;7328;
MG;311190;CANA VERDE;9;19;47;19;17;6250;15;112;5585;
SE;280160;CEDRO DE SÃO JOÃO;9;19;47;19;19;6167;18;100;5929;
BA;290310;BARRA DO ROCHA;9;19;47;19;19;6195;17;100;5515;
PR;410320;BOM SUCESSO;9;19;47;19;19;7342;18;100;7103;
PR;411110;ITAMBÉ;9;20;45;11;20;6561;19;55;6110;
PI;220695;NOVO SANTO ANTÔNIO;9;20;45;20;10;3926;8;200;3014;
SE;280310;ITABI;9;20;45;20;12;4941;12;167;4869;
BA;291660;ITAPITANGA;9;20;45;20;12;7401;17;167;10284;
GO;520460;CAMPESTRE DE GOIÁS;9;20;45;20;15;4911;11;133;3662;
MG;313890;MACHACALIS;9;20;45;20;15;6656;16;133;7112;
PR;411170;JABOTI;9;20;45;20;16;5727;15;125;5332;
MG;313545;JENIPAPO DE MINAS;9;20;45;20;18;6903;20;111;7781;
MG;312730;GALILÉIA;9;20;45;20;22;7231;21;91;6764;
MT;510343;CURVELÂNDIA;9;21;43;21;21;6520;17;100;5267;
MG;312660;FRANCISCO DUMONT;9;21;43;21;9;5186;9;233;5268;
MG;312100;DATAS;9;22;41;12;22;6363;19;55;5431;
RS;432230;TUPARENDI;9;23;39;16;23;8969;20;70;7730;
PI;220010;AGRICOLÂNDIA;9;23;39;17;23;5985;20;74;5123;
MG;313862;LIMEIRA DO OESTE;9;23;39;17;23;8505;21;74;7640;
GO;521680;PETROLINA DE GOIÁS;9;23;39;23;16;10285;16;144;10240;
RS;430400;CAMPO NOVO;9;24;38;15;24;5508;19;63;4273;
TO;171700;PINDORAMA DO TOCANTINS;9;24;38;24;14;4495;14;171;4414;
PI;221030;SÃO JULIÃO;9;24;38;24;17;6247;17;141;6379;
BA;293110;TANQUINHO;9;24;38;24;19;8266;18;126;7936;
PI;220740;PALMEIRA DO PIAUÍ;9;26;35;26;17;4900;17;153;5029;
MG;311950;CORONEL MURTA;9;26;35;26;28;9025;29;93;9209;
RS;431225;MINAS DO LEÃO;9;27;33;20;27;8461;26;74;8130;
RN;240185;CAIÇARA DO NORTE;9;27;33;27;16;6266;17;169;6572;
MG;316630;SERICITA;9;27;33;27;24;8549;21;113;7340;
MG;310910;BUENO BRANDÃO;9;27;33;27;28;11509;27;96;10982;
PR;410010;ABATIÁ;9;30;30;16;30;7720;29;53;7360;
MG;310600;BELA VISTA DE MINAS;9;30;30;17;30;10258;30;57;10269;
MG;313040;IJACI;9;30;30;30;21;7638;18;143;6667;
PR;412370;SANTA ISABEL DO IVAÍ;9;30;30;30;25;10220;21;120;8484;
GO;521300;MAURILÂNDIA;9;30;30;30;27;10498;38;111;14568;
MG;312450;ESTIVA;9;31;29;18;31;11315;31;58;11416;
MG;314080;MATIAS BARBOSA;9;32;28;21;32;15151;31;66;14626;
GO;521100;ITAPIRAPUÃ;9;33;27;19;33;8508;17;58;4380;
MG;314995;PERIQUITO;9;33;27;22;33;7648;29;67;6738;
TO;170040;ALMAS;9;33;27;25;33;7453;31;76;6905;
RN;240700;LUÍS GOMES;9;33;27;33;22;9203;24;150;10175;
MG;310970;CACHOEIRA DE MINAS;9;35;26;12;35;12549;32;34;11609;
MG;310780;BOM JESUS DO GALHO;9;38;24;23;38;13779;41;61;14792;
AM;130195;ITAMARATI;9;39;23;39;37;3701;77;105;7777;
ES;320380;MUQUI;9;40;23;40;39;13955;44;103;15602;
PI;220208;CAJUEIRO DA PRAIA;9;41;22;41;28;9391;23;146;7704;
AC;120043;SANTA ROSA DO PURUS;9;41;22;41;35;4221;57;117;6893;
SP;352140;IRACEMÁPOLIS;9;60;15;31;60;21900;69;52;24982;
MG;314090;MATIPÓ;9;72;13;72;52;19725;50;138;19098;
SC;420535;FLOR DO SERTÃO;9;9;100;9;5;2003;4;180;1575;
PB;251390;SÃO BENTO;90;139;65;139;116;34945;115;120;34650;
BA;292800;SANTALUZ;90;163;55;163;120;31474;144;136;37704;
AL;270880;SÃO SEBASTIÃO;90;164;55;164;147;35713;142;112;34424;
BA;290990;CURAÇÁ;90;171;53;171;160;31586;178;107;35065;
RJ;330380;PARATY;90;187;48;187;162;36984;194;115;44175;
PI;220120;BARRAS;90;191;47;191;201;48670;195;95;47298;
BA;292890;SÃO DESIDÉRIO;90;206;44;206;140;29964;162;147;34764;
BA;291640;ITAPETINGA;90;233;39;233;194;49872;301;120;77408;
MA;210360;COROATÁ;90;283;32;283;294;55295;350;96;65788;
BA;291005;DIAS D'ÁVILA;90;285;32;285;236;63256;312;121;83705;
AM;130290;MAUÉS;90;334;27;276;334;47526;465;83;66159;
SE;280030;ARACAJU;905;2390;38;1878;2390;602372;2669;79;672614;
ES;320190;DOMINGOS MARTINS;91;130;70;130;152;36163;143;86;34120;
PR;411960;PITANGA;91;132;69;132;133;28796;137;99;29686;
PA;150080;ANANINDEUA;91;1440;6;1022;1440;321329;2422;71;540410;
BA;290680;CANSANÇÃO;91;164;55;164;133;36992;126;123;34929;
BA;292300;NOVA VIÇOSA;91;167;54;167;131;39779;145;127;44170;
RO;110015;OURO PRETO DO OESTE;91;184;49;153;184;36465;179;83;35445;
SP;352260;ITAPIRA;91;205;44;157;205;68295;227;77;75683;
PA;150530;ORIXIMINÁ;91;287;32;287;286;46107;464;100;74921;
MG;313670;JUIZ DE FORA;91;983;9;552;983;289848;1959;56;577532;
SP;354660;SANTA FÉ DO SUL;92;158;58;123;158;41343;125;78;32796;
TO;170220;ARAGUATINS;92;158;58;158;137;32535;154;115;36573;
PE;260765;ITAMBÉ;92;168;55;168;121;37650;117;139;36495;
SP;350970;CAMPOS DO JORDÃO;92;205;45;205;228;51012;236;90;52713;
PA;150293;DOM ELISEU;92;213;43;213;118;40013;181;181;61206;
MA;210060;AMARANTE DO MARANHÃO;92;235;39;179;235;38495;257;76;42017;
PA;150800;TOMÉ-AÇU;92;444;21;444;299;42634;453;148;64604;
AP;160060;SANTANA;92;458;20;458;404;77362;652;113;124808;
CE;230930;NOVA RUSSAS;93;127;73;127;91;32523;91;140;32487;
SC;420480;CURITIBANOS;93;140;66;140;142;29663;191;99;40037;
CE;230690;JAGUARIBE;93;155;60;121;155;37601;143;78;34592;
CE;231030;PARAMBU;93;170;55;170;138;33074;131;123;31391;
AL;270290;GIRAU DO PONCIANO;93;183;51;183;135;36294;154;136;41549;
SP;355645;VARGEM GRANDE PAULISTA;93;184;51;184;203;45649;242;91;54315;
BA;290210;ARACI;93;189;49;189;116;35141;181;163;54903;
PE;260260;BREJO DA MADRE DE DEUS;93;203;46;203;188;43721;222;108;51696;
MS;500110;AQUIDAUANA;93;221;42;221;215;48527;213;103;48184;
PE;261070;PAULISTA;93;507;18;507;591;162682;1224;86;336919;
RJ;330630;VOLTA REDONDA;93;794;12;490;794;239018;913;62;274925;
BA;290100;AMARGOSA;94;141;67;141;140;37543;140;101;37631;
MA;210980;SANTA HELENA;94;153;61;153;102;26562;165;150;42829;
CE;231220;SANTA QUITÉRIA;94;158;59;158;152;43079;154;104;43719;
PE;260730;IPUBI;94;171;55;171;158;34625;144;108;31515;
SP;351510;EMBU-GUAÇU;94;211;45;211;195;51924;265;108;70402;
SP;350610;BEBEDOURO;94;260;36;178;260;72203;280;68;77612;
SP;355030;SÃO PAULO;9491;20010;47;20010;21558;5399254;49497;93;12396372;
RN;240820;NÍSIA FLORESTA;95;145;66;145;131;33233;111;111;28266;
PE;260510;CUSTÓDIA;95;152;63;152;129;36700;132;118;37633;
SP;351280;COSMÓPOLIS;95;156;61;156;111;42013;198;141;74662;
PA;150270;CONCEIÇÃO DO ARAGUAIA;95;199;48;199;184;39436;225;108;48115;
SE;280710;SIMÃO DIAS;95;201;47;201;179;40356;181;112;40724;
MG;314610;OURO PRETO;95;255;37;182;255;78745;242;71;74824;
RJ;330550;SAQUAREMA;95;295;32;175;295;78836;344;59;91938;
GO;520800;FORMOSA;95;340;28;340;312;72887;538;109;125705;
RS;430160;BAGÉ;95;358;27;257;358;83630;520;72;121518;
PA;150442;MARITUBA;95;371;26;371;259;65854;535;143;135812;
SP;354870;SÃO BERNARDO DO CAMPO;950;2422;39;1817;2422;672835;3059;75;849874;
PE;261360;SÃO JOSÉ DO EGITO;96;130;74;130;135;37830;122;96;34210;
CE;230230;BELA CRUZ;96;133;72;133;103;31774;106;129;32851;
CE;230725;JIJOCA DE JERICOACOARA;96;134;72;134;135;26737;103;99;20351;
PE;260220;BOM JARDIM;96;143;67;143;109;34712;126;131;40038;
MA;211150;SÃO MATEUS DO MARANHÃO;96;172;56;172;185;38716;199;93;41750;
RS;430040;ALEGRETE;96;187;51;187;199;64460;224;94;72493;
AM;130270;MANICORÉ;96;210;46;210;180;34523;300;117;57405;
BA;293360;XIQUE-XIQUE;96;214;45;214;226;43453;242;95;46562;
PI;221060;SÃO RAIMUNDO NONATO;96;232;41;187;232;41086;198;81;35035;
SC;420230;BIGUAÇU;96;290;33;194;290;69080;296;67;70471;
CE;231070;PENTECOSTE;97;163;60;163;159;37247;162;103;38045;
MA;211230;TUNTUM;97;168;58;168;143;35493;170;117;42242;
PI;220190;BOM JESUS;97;183;53;183;177;31930;142;103;25584;
PE;261310;SÃO CAITANO;97;187;52;187;127;32068;149;147;37488;
PB;251530;SAPÉ;97;196;49;196;184;53618;182;107;52977;
BA;292880;SANTO ESTÊVÃO;97;198;49;198;143;39935;192;138;53666;
BA;291760;JAGUAQUARA;97;201;48;201;183;42120;239;110;54913;
SP;352720;LORENA;97;244;40;244;217;57247;339;112;89532;
MG;311830;CONSELHEIRO LAFAIETE;97;500;19;270;500;123294;530;54;130584;
SP;354340;RIBEIRÃO PRETO;970;1705;57;1705;1830;510774;2580;93;720116;
SC;420910;JOINVILLE;979;2396;41;1962;2396;614122;2359;82;604708;
CE;230700;JAGUARUANA;98;117;84;117;111;34384;110;105;33960;
SC;421970;XAXIM;98;134;73;134;155;33005;137;86;29254;
SP;353050;MOCOCA;98;155;63;155;166;50904;225;93;69072;
MG;316940;TRÊS PONTAS;98;167;59;167;159;41425;219;105;57127;
MT;510510;JUARA;98;178;55;144;178;34783;181;81;35275;
AC;120050;SENA MADUREIRA;98;255;38;255;195;37453;246;131;47168;
RJ;330220;ITAPERUNA;98;289;34;215;289;86238;350;74;104354;
PI;220390;FLORIANO;98;292;34;292;279;61203;274;105;60111;
PA;150220;CAPANEMA;98;304;32;304;299;64080;326;102;69828;
MG;317010;UBERABA;98;884;11;531;884;222600;1351;60;340277;
MS;500270;CAMPO GRANDE;986;2916;34;2278;2916;612722;4360;78;916001;
GO;520030;ALEXÂNIA;99;145;68;145;133;31182;121;109;28360;
PR;411200;JAGUARIAÍVA;99;159;62;159;165;35988;161;96;35192;
MG;311230;CAPELINHA;99;188;53;141;188;41469;174;75;38321;
SP;350840;CABREÚVA;99;197;50;147;197;49574;203;75;51130;
PA;150760;SÃO MIGUEL DO GUAMÁ;99;223;44;223;190;40408;283;117;60268;
MS;500320;CORUMBÁ;99;397;25;397;459;96044;538;86;112669;
MG;312980;IBIRITÉ;99;450;22;450;526;130723;741;86;184030;


MS/SAPS/Departamento de Saúde da Família - DESF;
Fonte: Sistema de Informação em Saúde para a Atenção Básica - SISAB;
Dado gerado em: 16 de Abril de 2023 - 20:19h
